Incidence_climate paper/myoutput1.asc
NCOLS 245 
NROWS 216 
XLLCORNER 28.8583442262954 
YLLCORNER -2.841663685288 
CELLSIZE 0.00833333376791666 
NODATA_value -3.4e+38 
[rows 0 to 22 of 216, columns 156 to 207 of 245]
283.416656494141 282.333343505859 285.25 283.333343505859 281.833343505859 284.75 283.25 283.166656494141 285.25 288.416656494141 288.666656494141 289.75 290 290.416656494141 291.166656494141 291.5 291.5 290.5 289.833343505859 288.5 290 289.916656494141 291.833343505859 292.083343505859 292.666656494141 291.75 290.833343505859 291.583343505859 289 284.75 286.416656494141 291.5 293.25 293.333343505859 294.333343505859 285.5 293.416656494141 293.416656494141 293.416656494141 293.5 292.666656494141 291.666656494141 292.75 292.583343505859 291.916656494141 293.416656494141 293.666656494141 293.666656494141 293.666656494141 293.333343505859 293.25 293.166656494141
281.75 283.833343505859 285 282.75 280.75 283.166656494141 281.916656494141 283.666656494141 285.083343505859 287.666656494141 288.666656494141 289.583343505859 288.916656494141 288.916656494141 288.75 291.416656494141 291.416656494141 291.583343505859 291.916656494141 291.833343505859 292.25 292.333343505859 292.166656494141 292.666656494141 292.75 292.75 292.75 292.583343505859 292.916656494141 293.25 293.583343505859 293.5 293.5 293.416656494141 293.5 293.416656494141 293.416656494141 293.416656494141 293.416656494141 293.416656494141 293.583343505859 293.166656494141 293.25 293 293.333343505859 293.5 293.666656494141 293.666656494141 293.666656494141 293.75 293.666656494141 293.5
282.416656494141 282.666656494141 284.916656494141 285.416656494141 284.166656494141 284.75 281 282.416656494141 284 288.666656494141 288.333343505859 287.25 286.583343505859 288.583343505859 290.583343505859 290.75 291.5 291.5 291.916656494141 292.166656494141 291.75 291.75 291.916656494141 292.666656494141 292.75 292.833343505859 292.916656494141 292.916656494141 293.166656494141 293.583343505859 293.583343505859 293.583343505859 293.75 293.5 293.5 293.416656494141 293.5 294.416656494141 294.416656494141 294 294.583343505859 293.666656494141 292.5 293.666656494141 293.583343505859 293.916656494141 294.083343505859 294.083343505859 294.416656494141 294.083343505859 294.25 294
283.25 284.083343505859 284.416656494141 284.5 284.916656494141 284.833343505859 284.083343505859 286.583343505859 285.666656494141 288.416656494141 284 285.5 287.25 287.333343505859 289.833343505859 287.583343505859 289.833343505859 290.666656494141 291.75 291.75 291.833343505859 291.833343505859 291.916656494141 292 291.833343505859 292.833343505859 292.833343505859 293.083343505859 293.083343505859 293.333343505859 292.5 292.083343505859 287.666656494141 288.583343505859 293.5 293.416656494141 294.416656494141 293.416656494141 293.75 294 293.916656494141 294.666656494141 294.666656494141 294.666656494141 294.5 294.416656494141 294.583343505859 293.833343505859 293.833343505859 293.75 293.916656494141 293.916656494141
281.25 284.166656494141 284.166656494141 284.416656494141 284.333343505859 284.75 283.916656494141 285.666656494141 287.583343505859 287.833343505859 286.5 284.416656494141 285.916656494141 286.333343505859 288.416656494141 286.833343505859 288.416656494141 289.5 290.833343505859 291.666656494141 290.75 291.833343505859 291.916656494141 291.25 290.166656494141 291.75 292.333343505859 292.833343505859 292.916656494141 291.833343505859 289.416656494141 290.5 280.416656494141 283.333343505859 289.583343505859 294.583343505859 293.416656494141 287.416656494141 290.5 293.666656494141 293.833343505859 294.166656494141 293.916656494141 294.416656494141 293.916656494141 294.083343505859 293.583343505859 293.5 291.583343505859 292.833343505859 293.583343505859 292.416656494141
279.666656494141 283 283.5 283.75 283.916656494141 284.5 283.916656494141 284.833343505859 287.333343505859 285.833343505859 287.583343505859 286.083343505859 284.416656494141 285.25 287.416656494141 289.333343505859 286.75 286.75 289.333343505859 288.916656494141 289 291.833343505859 291.833343505859 290.833343505859 288.833343505859 289.666656494141 289.916656494141 290.833343505859 288.833343505859 290.416656494141 290.5 280.25 285.583343505859 282.583343505859 294.583343505859 293.416656494141 293.416656494141 290.916656494141 285.25 293 293.666656494141 293.833343505859 294.083343505859 294.166656494141 294.166656494141 294.25 293.833343505859 293.416656494141 291.833343505859 293.416656494141 293.583343505859 292.166656494141
281.333343505859 282.833343505859 283 283.166656494141 283.833343505859 283.916656494141 282.666656494141 285.75 285.833343505859 284 286.583343505859 284.333343505859 284.5 287 287.75 288.166656494141 284.5 286 284.916656494141 286.25 290.75 291.833343505859 291.833343505859 289.083343505859 287.25 287 287.833343505859 289.416656494141 289.5 290.333343505859 292.083343505859 287.75 283.25 288.416656494141 292.666656494141 294.75 292.916656494141 291.083343505859 280.916656494141 287.5 292.666656494141 292.833343505859 293.5 293.5 293.833343505859 293.666656494141 292.25 291.333343505859 291.25 293.5 293.416656494141 293.083343505859
279.916656494141 280.666656494141 282.75 282.833343505859 283.75 282.666656494141 282.083343505859 285.666656494141 284 283 285.25 284.333343505859 282.666656494141 285.333343505859 284.666656494141 286.416656494141 287.5 287 288 288.75 291.583343505859 291.75 291.833343505859 290.75 287.416656494141 285.75 286.583343505859 286.083343505859 287.166656494141 289.25 291.833343505859 289.083343505859 286.666656494141 284.583343505859 289.75 294.666656494141 285 292.916656494141 287.916656494141 282.25 290.416656494141 292.916656494141 293.416656494141 293.583343505859 293.583343505859 293.416656494141 290.083343505859 289.5 291.166656494141 293.416656494141 293.416656494141 293.083343505859
275.916656494141 276.166656494141 280.666656494141 281.833343505859 282.833343505859 282.666656494141 281.916656494141 285.666656494141 283.916656494141 281.666656494141 284.25 283.416656494141 281.666656494141 285.333343505859 284.416656494141 284.916656494141 286.5 290.083343505859 290.5 289.75 288.666656494141 291.75 291.833343505859 289.833343505859 291.166656494141 289.583343505859 287.083343505859 286.166656494141 287.083343505859 291 288.75 291.416656494141 288.583343505859 289.333343505859 291.333343505859 294.583343505859 290.833343505859 293.166656494141 292.416656494141 283 287.833343505859 291.5 292.916656494141 292.916656494141 293.5 293.333343505859 289.75 292.083343505859 293 293.416656494141 293.166656494141 293.166656494141
262.166656494141 272.5 279.583343505859 280.833343505859 282.833343505859 282.916656494141 282.916656494141 285.75 283.083343505859 281.25 281.416656494141 282.333343505859 282.083343505859 285.333343505859 287.833343505859 288.333343505859 288.666656494141 288.333343505859 286 286.083343505859 285.666656494141 292.166656494141 291.916656494141 288.833343505859 288.833343505859 290.916656494141 289.75 287.583343505859 288.5 289.666656494141 289.083343505859 291.166656494141 289.416656494141 291.25 287.583343505859 291.75 294.666656494141 294.583343505859 292.833343505859 286.083343505859 283.75 290.416656494141 292.333343505859 291.25 293.25 293.333343505859 293.083343505859 290.916656494141 292.5 293.333343505859 293.25 293.083343505859
271.25 277.583343505859 279.666656494141 280.166656494141 278.916656494141 280.333343505859 282.75 285.416656494141 283.75 280.333343505859 278.5 282.75 285.083343505859 286 285.583343505859 285.333343505859 286.5 284.083343505859 286.583343505859 286.166656494141 291.583343505859 291.833343505859 292 289.583343505859 287.666656494141 290.75 288.75 286.5 288.916656494141 286.083343505859 288.25 290.333343505859 287.583343505859 289.75 287.583343505859 289.166656494141 292.25 294.583343505859 288.333343505859 286 281.75 289.75 292 291.916656494141 293.333343505859 291.833343505859 293.083343505859 292 293 293.416656494141 293.416656494141 293.5
278 278.666656494141 276.166656494141 276.583343505859 275.083343505859 277.416656494141 280 285.083343505859 284.083343505859 282.166656494141 279.416656494141 280.666656494141 284.333343505859 280.166656494141 282.333343505859 281.833343505859 284.75 287.583343505859 288.833343505859 290.666656494141 291.5 291.833343505859 292.25 289.916656494141 288.083343505859 286.916656494141 290.5 283.75 289.083343505859 285.833343505859 285.666656494141 290.25 288.5 286.666656494141 289.416656494141 291.916656494141 293.25 294.416656494141 286.333343505859 281.833343505859 277.583343505859 287.083343505859 288.333343505859 291.833343505859 293.25 293.25 291.583343505859 292.083343505859 293.416656494141 293.083343505859 293.333343505859 292.416656494141
275.333343505859 273.916656494141 273.5 265.166656494141 259.833343505859 263.75 278.333343505859 282.75 283.916656494141 280 276.916656494141 280.333343505859 283.416656494141 281.333343505859 284.833343505859 284.75 286.666656494141 290.5 290.666656494141 290.916656494141 288.583343505859 292.083343505859 291.416656494141 288.75 287.25 285.666656494141 289 284.083343505859 287.666656494141 284.583343505859 285.583343505859 287.75 289 286.583343505859 287.583343505859 290 290.25 294.416656494141 289.25 277.083343505859 283.083343505859 286.083343505859 288.25 290.916656494141 293.166656494141 293.083343505859 293 292.75 293 291.833343505859 293.5 293.333343505859
262.083343505859 264 262.583343505859 253.25 252.08332824707 272.416656494141 278.416656494141 280.833343505859 283.75 281.166656494141 278.416656494141 281.166656494141 279.75 278.916656494141 282.166656494141 288.166656494141 290.083343505859 290.416656494141 290.583343505859 288.166656494141 290.583343505859 292.166656494141 291.583343505859 290.666656494141 289.5 285.083343505859 288 284.25 283.666656494141 284.5 287.583343505859 284.916656494141 287.416656494141 286.166656494141 290.166656494141 291.5 293.083343505859 294.083343505859 289.5 292 285.666656494141 285.333343505859 289.166656494141 291.583343505859 292.333343505859 292.583343505859 291.833343505859 292 293.5 293.083343505859 293.5 292.833343505859
254.41667175293 259.166656494141 262.916656494141 262.5 270.25 276.333343505859 279.583343505859 282.333343505859 281 279.166656494141 273.333343505859 274.75 280.25 284.25 285.333343505859 286 289.916656494141 286.5 290.416656494141 287.583343505859 289.666656494141 292.333343505859 292.333343505859 288.75 287.166656494141 285 288.666656494141 286.5 284.916656494141 283.166656494141 285.583343505859 284.666656494141 285.5 285.5 287.583343505859 290.166656494141 291.583343505859 293.5 294.5 294.416656494141 292 294.166656494141 291.583343505859 292.25 289.75 289.75 290 292.583343505859 293 292.416656494141 293.416656494141 292.333343505859
265.75 264.166656494141 268.833343505859 261.75 274.416656494141 278.666656494141 281.333343505859 282.166656494141 281 273.75 275.083343505859 279.333343505859 283.083343505859 285.083343505859 287.416656494141 286.833343505859 289.833343505859 285.583343505859 287.416656494141 288.5 290.833343505859 292 292.166656494141 288.166656494141 286.583343505859 285.416656494141 286.333343505859 284.916656494141 281.833343505859 281.416656494141 284.25 287.333343505859 287.333343505859 288.083343505859 289 291.083343505859 293.5 290.5 293 288.166656494141 284.583343505859 291.833343505859 293.583343505859 291.916656494141 287.916656494141 289.416656494141 290.916656494141 292.416656494141 292.416656494141 291.5 293.25 293.5
258.916656494141 266.666656494141 272.25 260.833343505859 277.25 279.083343505859 279.333343505859 277.583343505859 268.833343505859 273 280.25 280.166656494141 281.333343505859 283.25 287.666656494141 289.25 289.583343505859 285.666656494141 287.666656494141 286.75 288.833343505859 292.25 292.416656494141 291.75 289.833343505859 287.833343505859 284 283.5 283.583343505859 283.916656494141 285.5 286.416656494141 288.416656494141 290.75 292.666656494141 292.416656494141 293.416656494141 288.166656494141 292.916656494141 289.5 279.75 288.166656494141 294.416656494141 289.916656494141 286.5 292.25 291.833343505859 289.833343505859 290.166656494141 292.833343505859 293.083343505859 291.416656494141
262.5 258 266.583343505859 267.75 272.25 276.166656494141 275.083343505859 265.583343505859 276.25 276.25 277.25 281.083343505859 283.916656494141 286.333343505859 285.333343505859 288.666656494141 287.666656494141 284.166656494141 284.083343505859 285.5 287.5 292.333343505859 292.25 289.666656494141 289.583343505859 286.583343505859 285.416656494141 286 287.333343505859 286.416656494141 288.333343505859 288.833343505859 291.166656494141 290 289.5 293.25 288.666656494141 291.083343505859 293.666656494141 291.583343505859 284.416656494141 287.25 294.5 287.5 290.916656494141 293.5 291.416656494141 291.333343505859 290 292.416656494141 292.833343505859 290.75
267.583343505859 256.583343505859 263.5 274.416656494141 268.833343505859 271.916656494141 269.5 270.916656494141 278.25 280.416656494141 279.083343505859 280.666656494141 284.166656494141 286.333343505859 288.583343505859 288.666656494141 289.083343505859 285.916656494141 285.583343505859 288.583343505859 288.666656494141 292.75 292.75 287.916656494141 286.5 287.75 288.416656494141 286.416656494141 289.5 285.083343505859 286.916656494141 288.416656494141 287.333343505859 287.333343505859 289.5 292.666656494141 289.333343505859 292.333343505859 294.166656494141 290.25 287 282.333343505859 291.083343505859 291.333343505859 293.833343505859 293.666656494141 293.5 293.333343505859 292.333343505859 291.083343505859 292.416656494141 289.833343505859
265.5 269.333343505859 257.166656494141 265.583343505859 274.916656494141 276 277.166656494141 274 279.25 281.083343505859 283.75 283.25 284.333343505859 288.25 288.583343505859 286.916656494141 287.583343505859 286.416656494141 289.833343505859 289.833343505859 290.833343505859 292.25 292.75 289.75 287 288.583343505859 291.583343505859 290.583343505859 288.333343505859 287.416656494141 285.75 286.5 288.833343505859 290.666656494141 292 291.25 288.25 291 293.583343505859 291.416656494141 286.666656494141 281.666656494141 290.333343505859 293.416656494141 289 291.333343505859 292 292.916656494141 292.583343505859 292.333343505859 290.583343505859 290.25
253.58332824707 268.083343505859 257.666656494141 255.33332824707 265.583343505859 271.666656494141 278.416656494141 280.75 277.083343505859 280.333343505859 282.083343505859 286.166656494141 287.25 287.666656494141 285.666656494141 283.833343505859 286.333343505859 287 288.25 286.5 289.416656494141 292.833343505859 292.583343505859 289.25 292.333343505859 291.666656494141 291.583343505859 291.666656494141 290.75 288.5 287.25 289.5 290.25 291.416656494141 289.5 290.25 289.333343505859 292.166656494141 294.083343505859 292 286.916656494141 288.75 285 294.416656494141 287.666656494141 283.666656494141 288.333343505859 290.5 289.083343505859 290.5 291.666656494141 290.833343505859
251.75 265.583343505859 266.416656494141 252.58332824707 270.083343505859 276.083343505859 278.25 281.333343505859 278.166656494141 282.5 281.833343505859 286.583343505859 287.5 287.666656494141 283.916656494141 283.416656494141 284.333343505859 285 284.083343505859 287.083343505859 290.666656494141 292.75 292.583343505859 292.666656494141 292.666656494141 292.666656494141 292.583343505859 291 290.75 288.75 285.416656494141 288.416656494141 287.666656494141 289.5 288.25 288.833343505859 289.583343505859 293.666656494141 294.083343505859 288.416656494141 290.75 286.583343505859 281.833343505859 283.833343505859 293.416656494141 281.166656494141 278.75 288.833343505859 288.75 289.833343505859 289.833343505859 289.666656494141
251.75 270.833343505859 274 256.333343505859 265 274.166656494141 279.5 282.666656494141 283.833343505859 285.25 285.583343505859 284.583343505859 282 283 285 282.166656494141 283.75 288.333343505859 287.333343505859 288.25 290.75 292.75 292.416656494141 292.666656494141 291.333343505859 292.666656494141 292.416656494141 291.75 288.666656494141 289.166656494141 287.083343505859 287.166656494141 287 287.416656494141 290.166656494141 291.416656494141 292.25 294.083343505859 292.416656494141 290.083343505859 290.083343505859 282.416656494141 281.25 275.583343505859 290.833343505859 294.916656494141 283.666656494141 278.666656494141 283.416656494141 287.5 289 284.166656494141
