Incidence_climate paper/myoutput1.asc
NCOLS 245 
NROWS 216 
XLLCORNER 28.8583442262954 
YLLCORNER -2.841663685288 
CELLSIZE 0.00833333376791666 
NODATA_value -3.4e+38 
[rows 0 to 22 of 216, columns 104 to 155 of 245]
240.91667175293 240.75 236.75 244.83332824707 239.08332824707 233.16667175293 234.75 241.83332824707 235.66667175293 244.16667175293 241.91667175293 237.16667175293 236.33332824707 254.58332824707 254.33332824707 242.66667175293 240.58332824707 245.08332824707 226.91667175293 233.58332824707 237.75 247.41667175293 235.58332824707 253.83332824707 239.16667175293 256.916656494141 261.833343505859 263.083343505859 267.083343505859 260.083343505859 264.25 266 255 259.333343505859 257 254.08332824707 243 254 262.166656494141 264.416656494141 261.083343505859 268.333343505859 271.333343505859 274 274.583343505859 276.25 275.5 273.416656494141 275.083343505859 277.25 278.25 281.916656494141
236.75 238.91667175293 239 241.5 245 235.83332824707 230.91667175293 236.08332824707 232.25 233.83332824707 230.16667175293 236.75 231.41667175293 238.41667175293 249.41667175293 260.666656494141 248.16667175293 236.41667175293 230.41667175293 235.91667175293 237.83332824707 239.58332824707 241.58332824707 238.16667175293 234.16667175293 246.5 260.583343505859 263.166656494141 258.5 266.833343505859 266.75 265.916656494141 261.666656494141 257.583343505859 244.5 247.41667175293 242.08332824707 243 249.33332824707 253.16667175293 264.5 263.833343505859 269.5 271.416656494141 273.416656494141 275.166656494141 276.166656494141 275.833343505859 272.25 277.083343505859 281 282.416656494141
234.08332824707 235.33332824707 236.83332824707 232.5 235.75 228.33332824707 229.25 230.91667175293 227 227.41667175293 236.75 226.33332824707 232.83332824707 226.25 242.25 249.16667175293 253.5 246 245 238.91667175293 244.5 236.41667175293 233.91667175293 235.58332824707 229.83332824707 241.5 253.5 261.416656494141 253.91667175293 253.5 266.666656494141 261.083343505859 249.83332824707 257.5 241.91667175293 241.25 241.33332824707 236.83332824707 232.91667175293 235.41667175293 256.666656494141 256.416656494141 265 271.416656494141 272.5 274.5 272.25 277.333343505859 269.416656494141 273.25 280.416656494141 281
234.91667175293 235 238.16667175293 241.41667175293 240.66667175293 230.75 230.75 225.33332824707 226.16667175293 221.08332824707 236.08332824707 235 224.16667175293 231.5 231.75 238.91667175293 248.58332824707 256.333343505859 247.41667175293 242.83332824707 237.66667175293 243 243.41667175293 230.58332824707 236.75 239.08332824707 244.75 259.25 259.166656494141 244.08332824707 258.166656494141 265.583343505859 260 255.41667175293 255.75 247.25 243.41667175293 249.75 245 239.91667175293 245.41667175293 242.66667175293 265.333343505859 269.333343505859 269.25 272.416656494141 267.75 272.5 271.25 274.416656494141 279.083343505859 281.333343505859
238 237.5 241.58332824707 244.16667175293 243.91667175293 230.33332824707 223.83332824707 232.5 231.25 221.41667175293 224.83332824707 219.5 223.33332824707 229.16667175293 242.25 247.41667175293 234 246.91667175293 259.416656494141 258.916656494141 247.08332824707 234.58332824707 230.91667175293 231.66667175293 251.33332824707 240.58332824707 241 253.83332824707 258.666656494141 248.91667175293 237.75 260.75 266.333343505859 264.333343505859 263.5 252.08332824707 250.5 261.666656494141 250 243.41667175293 250.08332824707 243.25 266.333343505859 265.333343505859 268.25 270.666656494141 272 267 268.5 274.5 278.25 279.666656494141
240.58332824707 241.75 238.83332824707 243 238.08332824707 225.33332824707 222.58332824707 229.41667175293 238.16667175293 229.83332824707 218.75 227.41667175293 221.66667175293 218.66667175293 226.41667175293 241.91667175293 238 238.91667175293 250.41667175293 259.083343505859 245.33332824707 243.58332824707 240.5 237 252.41667175293 247.66667175293 234.33332824707 238.41667175293 251.83332824707 254.66667175293 240.75 260.75 253.16667175293 265.833343505859 266 263.416656494141 256.75 251.66667175293 242.16667175293 250.58332824707 253.08332824707 244.08332824707 248.75 254.41667175293 257.833343505859 261.5 265.333343505859 271.833343505859 265.583343505859 269.833343505859 276.416656494141 278.166656494141
245 248.33332824707 245.75 237 234.58332824707 225.58332824707 220.91667175293 228.41667175293 241.08332824707 233.5 235.25 223.66667175293 218.58332824707 231.33332824707 239.25 234.33332824707 232.91667175293 234.41667175293 245.33332824707 258.666656494141 258.416656494141 243.58332824707 232.91667175293 238.25 253.41667175293 247.08332824707 244.66667175293 230.58332824707 240.5 253.83332824707 239.25 250.5 249.25 250.41667175293 258.416656494141 265.583343505859 265.333343505859 254.16667175293 249.33332824707 260.666656494141 254.91667175293 256.833343505859 245 259.25 262 264.916656494141 269.333343505859 271.333343505859 261.333343505859 259.666656494141 275.333343505859 279.25
240.83332824707 247.25 240.83332824707 239.91667175293 235.66667175293 231.83332824707 225.08332824707 230 244.08332824707 239.66667175293 227.5 237.08332824707 241.33332824707 244.91667175293 249.25 248.91667175293 240 231.66667175293 246.83332824707 245.25 258.333343505859 251.41667175293 236.25 244.41667175293 250.91667175293 243.33332824707 235 236.25 234.75 247.66667175293 234.83332824707 237.75 241.75 234.08332824707 246 261.166656494141 265.416656494141 265.416656494141 261.166656494141 257.5 259.666656494141 262.416656494141 248.16667175293 241.33332824707 267.25 266.583343505859 265.583343505859 268.25 268.25 262 274.083343505859 277.333343505859
250.5 244.58332824707 242.41667175293 239 232.25 235 229.33332824707 231.08332824707 238.41667175293 238.25 238 241.83332824707 244.08332824707 253.33332824707 252.58332824707 252.41667175293 252.33332824707 249.08332824707 238.08332824707 248.83332824707 258.166656494141 251.16667175293 249 254.83332824707 252.25 246.66667175293 237.91667175293 227.91667175293 232.16667175293 243.75 236.16667175293 232.08332824707 232 228 254.16667175293 259 263.666656494141 261.833343505859 265.416656494141 261.083343505859 245.41667175293 247.41667175293 242.66667175293 250.33332824707 263.583343505859 263.583343505859 267.166656494141 270.166656494141 265 264.25 261.583343505859 271.083343505859
255.25 244.08332824707 251.66667175293 245.16667175293 241.66667175293 238.33332824707 227.08332824707 234.41667175293 252.91667175293 246.83332824707 246.16667175293 247.25 253.58332824707 253.33332824707 252.91667175293 252.41667175293 250.91667175293 249.08332824707 238.75 242.75 257.916656494141 253.58332824707 253.83332824707 244.58332824707 238.5 244.25 238.25 230.91667175293 230.25 231.25 229.5 231.58332824707 238.66667175293 230.58332824707 237.41667175293 243.66667175293 256.166656494141 262.75 265.333343505859 259.416656494141 255.16667175293 242.58332824707 242.33332824707 242.66667175293 254.83332824707 259.833343505859 263.166656494141 268 262.083343505859 258.583343505859 253.08332824707 258
254.66667175293 253 255.41667175293 250.75 255.66667175293 248.33332824707 236 240.5 253.58332824707 251.66667175293 254 253.75 253.5 253.33332824707 251.33332824707 251.41667175293 250.83332824707 243 231.58332824707 257.166656494141 257.416656494141 257.5 257.416656494141 244.58332824707 238.58332824707 240.91667175293 238.66667175293 242.16667175293 235.58332824707 247.5 239 236.33332824707 246.83332824707 248.91667175293 236.91667175293 237.33332824707 249.91667175293 260.833343505859 263.75 265.166656494141 261.25 251.16667175293 248.33332824707 243.66667175293 247.41667175293 257.083343505859 257.333343505859 265.583343505859 257.333343505859 258.083343505859 265.5 271
243.25 240 244.5 236.66667175293 247.33332824707 251.41667175293 248.25 244.41667175293 254.16667175293 254.08332824707 254.08332824707 253.75 253.5 252.83332824707 252.41667175293 250.83332824707 249.41667175293 232.75 236.83332824707 242.75 242.75 250.33332824707 257.333343505859 251.25 240.66667175293 245.66667175293 233.66667175293 239.66667175293 246.83332824707 245 235.33332824707 239.75 247 251.75 251.41667175293 245 238 246.5 261.166656494141 265 265.25 259.333343505859 251.33332824707 256 257.75 251 259.5 266.083343505859 263.666656494141 267.25 273 275.083343505859
231.33332824707 230.33332824707 240.33332824707 242.16667175293 239.25 239.5 254.41667175293 252.58332824707 254.16667175293 254.16667175293 253.83332824707 253.91667175293 253.5 253.33332824707 250.66667175293 250.41667175293 250.25 239.16667175293 232.91667175293 234.91667175293 239.66667175293 235.5 257.166656494141 257.25 251.5 256.416656494141 255.58332824707 238.41667175293 246 242.83332824707 239.33332824707 237.75 233.25 240.41667175293 251.33332824707 250.41667175293 236.5 238.75 252.5 264.916656494141 265.083343505859 265.25 265 257.833343505859 254.41667175293 257 258.083343505859 262.75 268.166656494141 269.75 274 274.75
238.91667175293 232.08332824707 236.41667175293 243.66667175293 239.08332824707 232.33332824707 240.91667175293 249.83332824707 254.33332824707 254.08332824707 254 253.83332824707 252.16667175293 252.41667175293 251.5 249.58332824707 248.41667175293 234.16667175293 228.5 237.66667175293 231.91667175293 237.41667175293 246.58332824707 257.083343505859 257.083343505859 252.58332824707 256.25 255.91667175293 246.83332824707 247.41667175293 243.5 249.5 240.41667175293 240.33332824707 234.83332824707 258.25 256.916656494141 241.58332824707 248.33332824707 259.666656494141 264.75 256.5 265.083343505859 259.666656494141 253.75 257.333343505859 253.66667175293 254 259.333343505859 259.166656494141 271.916656494141 263
253.58332824707 243.66667175293 232.33332824707 231.58332824707 241.58332824707 233.16667175293 236.91667175293 242.16667175293 251.08332824707 254.25 253.83332824707 253.33332824707 253.16667175293 252.41667175293 252.33332824707 247.5 247.66667175293 227.33332824707 225.91667175293 228.33332824707 229.75 236.58332824707 235.25 254.08332824707 257 249.25 246.83332824707 255.91667175293 255 255.25 255.16667175293 249.5 251.5 240.08332824707 231.75 242.83332824707 258.166656494141 261.666656494141 258.583343505859 258.333343505859 262.916656494141 253.5 247.16667175293 264.833343505859 264.75 262.333343505859 257.25 255.91667175293 257.666656494141 256.666656494141 255.83332824707 259
259.916656494141 254.33332824707 240.66667175293 233.91667175293 231 236.41667175293 242.25 237.58332824707 241.75 254 253.83332824707 247.41667175293 249.25 252.25 250.33332824707 247.75 247.58332824707 237.66667175293 231 229 235 230.75 234.41667175293 242.91667175293 257 253.16667175293 254 241.08332824707 255.33332824707 243.58332824707 241.83332824707 253.5 253 243.58332824707 233.83332824707 235.08332824707 239.08332824707 255.08332824707 260.666656494141 261.666656494141 264.75 259.666656494141 254.58332824707 262.166656494141 262.416656494141 255.33332824707 264.583343505859 263.75 262.416656494141 253.58332824707 254.33332824707 262.75
252.16667175293 256.5 249.58332824707 244.58332824707 228.41667175293 231.58332824707 234.41667175293 242.58332824707 239.83332824707 254.08332824707 253.91667175293 251.16667175293 244.66667175293 241.58332824707 242.5 232.91667175293 245.41667175293 234.16667175293 225.08332824707 226.58332824707 233.08332824707 237.41667175293 235.08332824707 246.91667175293 256.916656494141 247.41667175293 245.5 245.41667175293 255.33332824707 255.33332824707 235.33332824707 235.66667175293 248.66667175293 244.91667175293 250.41667175293 234.33332824707 240.5 252.25 257.083343505859 262.833343505859 264.583343505859 263.75 257.75 255.83332824707 252.83332824707 252.25 259.166656494141 253.25 256.916656494141 260.166656494141 249.91667175293 254.83332824707
241.66667175293 246.91667175293 252 250.91667175293 235.16667175293 239.08332824707 234.58332824707 237.83332824707 243.33332824707 234.91667175293 253.91667175293 253.41667175293 249.33332824707 241.5 243.25 231.08332824707 242.16667175293 244.5 230.16667175293 230.33332824707 232.58332824707 233.08332824707 248.5 248.5 256.5 244.75 237.08332824707 251.91667175293 247.41667175293 255 254.66667175293 241.66667175293 239.75 238.16667175293 237.25 245 235.83332824707 245.66667175293 254.83332824707 262.833343505859 261.166656494141 258.166656494141 258.166656494141 250.75 250.91667175293 255 259 260.333343505859 255.66667175293 252 254.58332824707 260.166656494141
238.66667175293 236.33332824707 237.5 256.75 244.83332824707 235.08332824707 232.25 232.83332824707 240.66667175293 243.25 245.08332824707 253.5 253.33332824707 251.08332824707 243.66667175293 235.58332824707 238.66667175293 247.25 237.25 232.41667175293 232.66667175293 236.33332824707 243.58332824707 249.33332824707 256.75 242.08332824707 240.83332824707 237.58332824707 245.91667175293 248.25 245.5 249.83332824707 242.66667175293 234.08332824707 234.66667175293 245.75 231.66667175293 250.16667175293 258.083343505859 253.66667175293 257.833343505859 252.25 248.58332824707 255.83332824707 248.41667175293 241.5 248.58332824707 260.166656494141 260.333343505859 261.333343505859 251.83332824707 247.08332824707
256.333343505859 233.16667175293 240.08332824707 240 250.91667175293 237.08332824707 237.33332824707 232.33332824707 230.41667175293 239.83332824707 242 247.75 253.33332824707 244.58332824707 238.25 230.75 234.16667175293 244.58332824707 239.16667175293 225.75 234.08332824707 236 239.66667175293 250.66667175293 250.83332824707 257.166656494141 239.41667175293 243.41667175293 241.5 239.58332824707 237 242.08332824707 245.83332824707 237.66667175293 252.08332824707 238.08332824707 230.58332824707 242.91667175293 257.25 248.75 241.41667175293 250.5 242.33332824707 253.58332824707 250.33332824707 239.58332824707 245.33332824707 259.333343505859 260.166656494141 260.166656494141 261.25 245.08332824707
262.416656494141 251.25 231.91667175293 234.66667175293 243.66667175293 249.83332824707 245.58332824707 234 226.75 225.66667175293 250 249.66667175293 251.66667175293 242.75 240.58332824707 236.75 235.66667175293 242 247.25 235.16667175293 229 233.08332824707 240.25 245.41667175293 246.91667175293 257.25 257.25 251.08332824707 250.91667175293 242.08332824707 236.66667175293 244.66667175293 240.91667175293 247.16667175293 245.58332824707 240 235.5 243.75 237.58332824707 246.58332824707 239.83332824707 246.58332824707 248.41667175293 255.66667175293 253.08332824707 240 244.33332824707 258.25 254 257.916656494141 260.666656494141 253.83332824707
258.833343505859 253.08332824707 240 234 236.66667175293 238.58332824707 249.75 235.08332824707 223.08332824707 229 239.58332824707 247.16667175293 250.16667175293 251.5 251 251.16667175293 251.08332824707 239.41667175293 249.83332824707 245.41667175293 233.66667175293 230.83332824707 233.08332824707 245.75 237.41667175293 245.83332824707 257 257.833343505859 257.75 249.5 241.5 247.16667175293 249.83332824707 247.83332824707 252.5 257 241.25 250.08332824707 241.25 253.5 245.66667175293 255.5 243.75 246.5 247.58332824707 246.91667175293 246.41667175293 255.75 255.08332824707 252.75 260.416656494141 260
263.083343505859 262.666656494141 253.16667175293 246.41667175293 231.58332824707 227.25 235.41667175293 239.33332824707 232.75 225.41667175293 231 240.83332824707 251.66667175293 251.58332824707 247.66667175293 250.91667175293 252.16667175293 250.66667175293 247.58332824707 247.75 243.58332824707 231.91667175293 240.41667175293 245.16667175293 237.91667175293 238 251.41667175293 257.416656494141 257.5 257.666656494141 251.75 244.5 255.41667175293 236.83332824707 244.75 255.5 252.25 245.58332824707 238.41667175293 248.83332824707 252.91667175293 253.25 250.16667175293 249.16667175293 246.5 248.16667175293 250.33332824707 245.58332824707 247.5 248 248.66667175293 260.166656494141
