Incidence_climate paper/myoutput1.asc
NCOLS 245 
NROWS 216 
XLLCORNER 28.8583442262954 
YLLCORNER -2.841663685288 
CELLSIZE 0.00833333376791666 
NODATA_value -3.4e+38 
[rows 115 to 137 of 216, columns 0 to 51 of 245]
212.41667175293 209.83332824707 224.41667175293 233.41667175293 245.58332824707 251.83332824707 255.08332824707 258.333343505859 255.91667175293 252.66667175293 254.16667175293 257.583343505859 261.833343505859 265.666656494141 269 272.583343505859 275.666656494141 265.083343505859 264.75 265 264.666656494141 264.416656494141 264.333343505859 265.5 262.25 265 260.75 259 261.166656494141 266.583343505859 272 273.25 274.5 275.666656494141 276.916656494141 277.916656494141 279.166656494141 279.5 280.083343505859 280.833343505859 281.666656494141 282.25 282.666656494141 283.166656494141 283.916656494141 284.583343505859 285.333343505859 285.833343505859 286.833343505859 287.666656494141 288.333343505859 288.75
215.83332824707 223.33332824707 230.83332824707 241.08332824707 250.33332824707 254.5 259 259.333343505859 255.08332824707 252.58332824707 252.83332824707 258 260.916656494141 264.5 268.083343505859 271.25 274.083343505859 264.5 263.916656494141 264.25 264.5 264.916656494141 265.666656494141 265.666656494141 265.833343505859 266.083343505859 260.583343505859 259.25 260.666656494141 263.5 271.75 272.75 273.833343505859 275.416656494141 276.583343505859 277.666656494141 278.583343505859 279.333343505859 279.916656494141 280.583343505859 281.5 281.916656494141 282.583343505859 282.916656494141 283.833343505859 284.75 285.333343505859 285.833343505859 286.75 287.666656494141 288.166656494141 288.916656494141
225.41667175293 225.58332824707 226.83332824707 246.33332824707 251.5 252.25 258.5 259.083343505859 255.83332824707 252 252.16667175293 255.91667175293 258.666656494141 262.25 266.583343505859 270 273.666656494141 264.166656494141 263.583343505859 264 264.75 264.916656494141 265.333343505859 266.083343505859 266 264.583343505859 261.833343505859 259.416656494141 260.583343505859 265.583343505859 270.916656494141 271.916656494141 273.333343505859 274.833343505859 276.083343505859 277.25 278.333343505859 278.916656494141 279.833343505859 280.5 281.083343505859 281.75 282.416656494141 282.916656494141 283.583343505859 284.666656494141 285.416656494141 285.916656494141 286.666656494141 287.666656494141 288.25 289
225.66667175293 226.5 241.83332824707 248.75 251.58332824707 255.33332824707 257.25 257.833343505859 254.75 251.83332824707 248.91667175293 252.75 256.416656494141 262 265.416656494141 268.333343505859 271.666656494141 263.333343505859 263 263.916656494141 264.5 265 265.25 265.916656494141 266 261.833343505859 261.416656494141 261.833343505859 265.583343505859 265.333343505859 271.166656494141 271.5 273.25 274.583343505859 275.833343505859 277.166656494141 277.916656494141 278.916656494141 279.666656494141 280.416656494141 280.916656494141 281.666656494141 282.416656494141 282.916656494141 283.416656494141 284.333343505859 285.166656494141 285.916656494141 286.833343505859 287.583343505859 288.25 288.833343505859
227.08332824707 221.83332824707 230.83332824707 248.08332824707 250.16667175293 252.83332824707 255.91667175293 253.75 251 252 250.25 249.66667175293 253 258.5 263.5 266.25 269 262.333343505859 263 263.666656494141 264.333343505859 264.916656494141 265 265.416656494141 263.75 260.75 260 262.666656494141 265.583343505859 268.25 268.5 271.416656494141 273.416656494141 274.666656494141 275.583343505859 276.833343505859 277.916656494141 278.833343505859 279.333343505859 280.25 280.75 281.583343505859 282.416656494141 282.916656494141 283.416656494141 284.5 284.916656494141 285.916656494141 286.666656494141 287.583343505859 288.166656494141 288.75
226.16667175293 222.91667175293 236.83332824707 251.25 250.33332824707 252.25 254.41667175293 254.58332824707 252.16667175293 251.91667175293 245.41667175293 242.16667175293 252.41667175293 253 261.166656494141 264.25 266.583343505859 262 262.666656494141 263.416656494141 264 265 265.083343505859 264.5 262.75 262.333343505859 259.5 261.25 263.583343505859 267.75 269.083343505859 272.166656494141 273.416656494141 274.583343505859 275.666656494141 276.916656494141 277.833343505859 278.583343505859 279.25 280 280.666656494141 281.333343505859 282.25 283 283.416656494141 284.333343505859 285 285.75 286.583343505859 287.333343505859 288 288.75
225.08332824707 225.41667175293 243.25 248.58332824707 249.75 252.25 253.66667175293 252.58332824707 250.83332824707 252.41667175293 245.66667175293 241.33332824707 250.66667175293 254.16667175293 258.166656494141 261.416656494141 264.333343505859 262.083343505859 262.5 263.25 263.916656494141 264.333343505859 264.416656494141 264.25 261.916656494141 262.166656494141 261.833343505859 263.166656494141 268.083343505859 269.416656494141 271.333343505859 272.583343505859 273.5 274.75 275.916656494141 276.916656494141 277.666656494141 278.666656494141 279 279.833343505859 280.666656494141 281.333343505859 282 282.833343505859 283.5 284 284.833343505859 285.75 286.5 287.166656494141 287.916656494141 288.666656494141
223.25 241.08332824707 246.58332824707 250.66667175293 248.83332824707 251.41667175293 251.91667175293 251.91667175293 249.66667175293 252.08332824707 251.66667175293 252.5 252.83332824707 255.91667175293 256 259.416656494141 262.166656494141 262 262.583343505859 262.833343505859 263.666656494141 264.166656494141 262.916656494141 261.166656494141 261.5 263.583343505859 266.166656494141 266.75 269 270 271.583343505859 273.083343505859 274.25 275.25 275.75 276.666656494141 277.5 278.416656494141 279.083343505859 279.583343505859 280.5 281.333343505859 281.916656494141 282.666656494141 283.5 283.75 284.75 285.583343505859 286.333343505859 286.916656494141 287.666656494141 288.166656494141
221.58332824707 228.58332824707 240.91667175293 250.25 249.91667175293 249.16667175293 248.33332824707 248.75 250.75 251.91667175293 252 251.75 256 257.833343505859 257.333343505859 259.5 261.666656494141 261.833343505859 262 262.583343505859 263.25 263.916656494141 263.416656494141 259.25 259.083343505859 260.083343505859 262 268.083343505859 269.083343505859 270.416656494141 272.166656494141 273.416656494141 274.583343505859 275.5 275.916656494141 276.666656494141 277.5 278.083343505859 278.916656494141 279.583343505859 280.5 281 281.916656494141 282.583343505859 283.166656494141 283.75 284.416656494141 285.25 286.083343505859 286.833343505859 287.333343505859 288
224.25 231.5 242.75 251.66667175293 250.33332824707 249.66667175293 248.66667175293 250.75 252.08332824707 252 252.33332824707 252.75 257.416656494141 258.166656494141 258.833343505859 259.416656494141 260.416656494141 262.166656494141 261.666656494141 262.333343505859 262.916656494141 261.916656494141 259.5 258.5 259.583343505859 265.083343505859 262.75 268 269.5 271.25 272.666656494141 273.833343505859 274.666656494141 275.583343505859 276.083343505859 276.666656494141 277.666656494141 278 278.666656494141 279.416656494141 280.083343505859 280.916656494141 281.75 282.333343505859 283 283.25 283.916656494141 284.916656494141 285.916656494141 286.166656494141 286.916656494141 287.583343505859
231.83332824707 234.16667175293 246 251.66667175293 251.66667175293 250.08332824707 248.41667175293 252.08332824707 252.16667175293 250.58332824707 251.91667175293 256.666656494141 257.5 258.333343505859 258.583343505859 259.25 260.083343505859 262.333343505859 261.5 262.083343505859 262 259.083343505859 258.75 259.416656494141 261.25 264.583343505859 266.25 267.5 269.416656494141 272 273.083343505859 273.916656494141 274.666656494141 275.5 275.666656494141 276.583343505859 277.333343505859 277.916656494141 278.666656494141 279.333343505859 279.833343505859 280.833343505859 281.833343505859 282 282.583343505859 282.75 283.583343505859 284.75 285.583343505859 285.416656494141 286.75 285.75
229 228 244.41667175293 252 252 250.75 251.75 251 249.16667175293 253.75 255.16667175293 256.416656494141 257.25 257.083343505859 257.416656494141 258.166656494141 259.333343505859 262.333343505859 262.166656494141 262.166656494141 261.666656494141 261.416656494141 261.416656494141 260.083343505859 259 259.666656494141 265.583343505859 266.5 269.666656494141 272 273.166656494141 274 274.666656494141 274.916656494141 275.583343505859 276.583343505859 277.25 277.833343505859 278.5 279 279.666656494141 280.75 281.416656494141 281.916656494141 282.416656494141 282.5 283.416656494141 283.916656494141 284.916656494141 285.833343505859 286.166656494141 280.666656494141
241.33332824707 237 247.25 252.33332824707 251.91667175293 248.58332824707 248.25 248.16667175293 251.5 253.58332824707 255.16667175293 256.166656494141 256.083343505859 256.416656494141 257 257.25 258.166656494141 263.416656494141 262.416656494141 262.333343505859 262.083343505859 261.5 259.083343505859 256.916656494141 257.666656494141 247.5 252.83332824707 260.75 266 270.916656494141 272.916656494141 273.416656494141 273.916656494141 274.75 275.416656494141 276.25 276.916656494141 277.666656494141 278.333343505859 278.833343505859 279.5 280.666656494141 281.083343505859 281.5 282.083343505859 282.25 282.916656494141 283.75 284.666656494141 284.25 286 281.75
251.5 251.41667175293 252.5 252.33332824707 249.16667175293 252.66667175293 251.33332824707 249.25 252.41667175293 253.91667175293 254.91667175293 254.83332824707 255.41667175293 256.083343505859 256.25 256.833343505859 257.5 263.416656494141 262.583343505859 262.25 261.833343505859 258.583343505859 257.25 256.583343505859 249.41667175293 243.5 247.66667175293 249.75 262.083343505859 270.083343505859 271.416656494141 272.833343505859 273.666656494141 274.5 275.25 276 276.583343505859 277.25 277.916656494141 278.583343505859 279.416656494141 280.166656494141 281 281.333343505859 281.833343505859 282.166656494141 282.75 283.166656494141 278.916656494141 284.75 285.666656494141 278.5
251 250.91667175293 252.66667175293 254.58332824707 252.41667175293 251.75 252.16667175293 252.41667175293 253.83332824707 254.58332824707 254.5 254.91667175293 255.33332824707 255.66667175293 256.166656494141 256.833343505859 257.416656494141 263.416656494141 263.666656494141 261.166656494141 254.08332824707 254 254.83332824707 255.91667175293 241.41667175293 237.91667175293 233.16667175293 237 253.25 264.25 270.583343505859 272 273.416656494141 274.083343505859 274.75 275.5 276.166656494141 276.916656494141 277.583343505859 278.25 279.083343505859 279.833343505859 280.75 281.583343505859 281.583343505859 282.333343505859 282.833343505859 282.75 277.666656494141 283.583343505859 285.416656494141 277.833343505859
252.25 250.91667175293 253.16667175293 254.91667175293 253.66667175293 252.91667175293 254.5 250 254.16667175293 254.08332824707 253.91667175293 254.66667175293 255.58332824707 255.91667175293 256.583343505859 257 257.583343505859 263.5 263.666656494141 259.083343505859 255.5 256.583343505859 254 247.08332824707 240.33332824707 233 230.33332824707 235.58332824707 255 265.5 270.416656494141 272.416656494141 273.083343505859 273.666656494141 274.333343505859 274.916656494141 275.833343505859 276.666656494141 277.166656494141 277.916656494141 279 279.75 280.583343505859 281.083343505859 281.25 282.083343505859 282.666656494141 282.5 274.333343505859 279.166656494141 284.583343505859 285.5
253.66667175293 255.25 255 255.5 253.91667175293 253.83332824707 255.08332824707 250.66667175293 253.58332824707 253.83332824707 254.25 254.75 255.91667175293 256.25 257 257.5 258.083343505859 265.166656494141 262.333343505859 260.083343505859 257.833343505859 257.583343505859 253.16667175293 248.08332824707 239 234 231.66667175293 237.58332824707 251.5 261.333343505859 269.25 272.083343505859 272.583343505859 273 273.583343505859 274.583343505859 275.583343505859 276 276.916656494141 277.916656494141 278.5 279.083343505859 279.583343505859 280.583343505859 281.166656494141 281.75 281.916656494141 282.5 280.5 284 284.583343505859 282.75
256.583343505859 256.166656494141 254.75 254.66667175293 253.58332824707 253.41667175293 254.58332824707 252.41667175293 253.58332824707 253.66667175293 254.58332824707 255.33332824707 256 256.833343505859 257 257.666656494141 258.25 265.583343505859 261.333343505859 259.916656494141 257.25 257.166656494141 254 248.66667175293 242.75 238.5 237.41667175293 246.08332824707 249.66667175293 256.333343505859 266.166656494141 270.416656494141 271.75 272.5 273.5 274.416656494141 275.166656494141 275.916656494141 276.916656494141 277.416656494141 277.75 278.25 279.166656494141 280.083343505859 280.75 281.25 281.083343505859 282.25 282.833343505859 283.5 282.5 278
254.83332824707 255.91667175293 254.75 251.91667175293 252.5 253.83332824707 254.83332824707 253.5 253.83332824707 254.33332824707 255.08332824707 255.91667175293 256.583343505859 256.833343505859 257.333343505859 258 259.166656494141 262.75 259.583343505859 259.166656494141 256.833343505859 255.33332824707 250.16667175293 246.5 246.33332824707 248.08332824707 250.08332824707 252 261.416656494141 261.916656494141 267.083343505859 270.25 271.333343505859 272.25 273.25 273.916656494141 274.75 275.75 276.416656494141 276.75 277.5 277.916656494141 278.25 279.5 280.166656494141 280.833343505859 281.083343505859 282 282.333343505859 282.833343505859 275.916656494141 274.916656494141
255.75 253.25 253.25 253.66667175293 254.25 252.5 253.33332824707 253.75 254.16667175293 254.91667175293 255.91667175293 256.583343505859 257.166656494141 257.5 257.75 258.083343505859 259.333343505859 260.416656494141 257.916656494141 257.416656494141 257.25 255.25 248.91667175293 242.66667175293 248.66667175293 252.41667175293 254.25 257.916656494141 264.25 269.5 269.833343505859 270.666656494141 271.166656494141 272.333343505859 273.083343505859 273.75 274.666656494141 275.583343505859 276.083343505859 276.583343505859 277.166656494141 277.333343505859 277.916656494141 278.583343505859 279.166656494141 279.333343505859 280.333343505859 278.75 282.583343505859 283.5 273.583343505859 278.083343505859
254.33332824707 255.83332824707 254.08332824707 253.66667175293 255.83332824707 256.083343505859 254.75 254.33332824707 254.91667175293 255.83332824707 256.583343505859 257.083343505859 257.5 257.416656494141 257.916656494141 259.166656494141 260.333343505859 260 257.5 256.916656494141 256.083343505859 254.41667175293 251.75 251.33332824707 255.08332824707 256.5 255.33332824707 260.833343505859 266.583343505859 271.333343505859 271.833343505859 272 271.75 272.583343505859 273 273.5 274.583343505859 275.25 275.75 276.25 276.583343505859 277.25 278.083343505859 278.333343505859 278.833343505859 275.666656494141 275.583343505859 274.583343505859 278.416656494141 282.583343505859 283.5 272
256.25 256.5 255 256.416656494141 256.75 256.25 255.91667175293 255.66667175293 255.75 256.5 257.083343505859 257.666656494141 257.833343505859 258 258.75 259.666656494141 260.333343505859 257.416656494141 256.916656494141 257.166656494141 256.75 256.916656494141 257.083343505859 254.08332824707 254.83332824707 256.5 255.25 265.416656494141 268.833343505859 271.833343505859 272.666656494141 272.333343505859 272.083343505859 272.5 273.666656494141 274.166656494141 274.416656494141 275.166656494141 275.75 276.083343505859 276.333343505859 277.166656494141 274.916656494141 271.083343505859 273.166656494141 274.583343505859 276.916656494141 274.416656494141 277.333343505859 278.083343505859 282.5 269.75
254.91667175293 256.166656494141 257.5 257.166656494141 257.083343505859 256.75 256.083343505859 256.083343505859 256.5 256.916656494141 257.75 258 258.083343505859 258.416656494141 259 260.083343505859 256.833343505859 256.75 259.416656494141 257.75 257.333343505859 257.666656494141 257.5 256.333343505859 257.25 256.583343505859 259.75 263 270 271.333343505859 272 271.916656494141 272.083343505859 272.5 273.166656494141 274 274.75 275.166656494141 275.583343505859 275.916656494141 276.25 273.666656494141 271.666656494141 270.666656494141 267.5 272.25 271.666656494141 269.916656494141 275.166656494141 281.666656494141 282.416656494141 276.666656494141
