Incidence_climate paper/tmax1.asc
NCOLS 245 
NROWS 216 
XLLCORNER 28.858344226 
YLLCORNER -2.841663685 
CELLSIZE 0.00833333376734694 
NODATA_value -9999 
[rows 48 to 71 of 216, columns 165 to 219 of 245]
293.166656494141 293.5 291.833343505859 289.75 294 293.083343505859 289.5 285.75 290.5 288.916656494141 288.333343505859 290.333343505859 292 292.75 294.75 295.333343505859 294.083343505859 291.583343505859 290.416656494141 292.583343505859 294.25 292.166656494141 289.166656494141 290.833343505859 291.416656494141 293.916656494141 294.5 293.166656494141 293.583343505859 296 294.25 295.75 295.75 296.333343505859 296.25 295.083343505859 296.5 296.416656494141 293.25 292.166656494141 290.25 292.416656494141 293.75 292.083343505859 288.916656494141 279 292.083343505859 295.333343505859 295.333343505859 295.25 295.083343505859 294.916656494141 295.083343505859 294.583343505859 293.583343505859
293.416656494141 290.833343505859 290.583343505859 291.25 292.333343505859 293.083343505859 290.416656494141 288.666656494141 288 287.833343505859 290.833343505859 289.166656494141 291.583343505859 294.916656494141 295.25 295.333343505859 295.333343505859 291.75 293.083343505859 291.416656494141 293 291.75 288.916656494141 291.75 293.333343505859 294.666656494141 294.666656494141 293.166656494141 293.166656494141 294.75 292.583343505859 295.75 293.5 294.083343505859 296.25 296.333343505859 296.416656494141 296.5 296.083343505859 293.333343505859 288.916656494141 291.083343505859 292 287.583343505859 277.25 286.75 291.666656494141 294.25 295.25 295.166656494141 295.083343505859 294.833343505859 295.083343505859 294.583343505859 292.666656494141
293.333343505859 288.75 288.416656494141 292.833343505859 290.416656494141 291.583343505859 293.25 290.166656494141 287.25 290.333343505859 291 293.25 294.5 295 294.583343505859 295.5 295.416656494141 295 293 289.916656494141 292.333343505859 291.5 288.833343505859 292.75 294.75 294.666656494141 292.583343505859 291.833343505859 293.166656494141 294.5 293.583343505859 295.833343505859 293.666656494141 295.583343505859 296.666656494141 296.416656494141 296.666656494141 296.333343505859 296.333343505859 293.25 290.333343505859 285.916656494141 290.666656494141 286.5 278.75 285.75 292.666656494141 293.75 295.25 295.083343505859 295 295.083343505859 295 293.083343505859 291.5
291.916656494141 289.75 289.583343505859 292.416656494141 289.416656494141 289.75 292.583343505859 289.5 288.833343505859 291.833343505859 291.916656494141 292.666656494141 291.833343505859 295.416656494141 295.166656494141 293.166656494141 295.666656494141 292.75 292.75 289.583343505859 288.583343505859 290.666656494141 292.666656494141 293.583343505859 294.333343505859 291.833343505859 287.25 290.916656494141 293.916656494141 293.083343505859 295.833343505859 293.916656494141 293.583343505859 296.25 293.5 296.666656494141 296.583343505859 296.333343505859 296.25 296.083343505859 294.083343505859 290.083343505859 286.333343505859 288.25 280.166656494141 280.083343505859 290.583343505859 292 295.166656494141 295.166656494141 295.083343505859 295.333343505859 295.083343505859 294.5 293.333343505859
288.333343505859 289.75 287.75 290.416656494141 289.916656494141 289 290.25 288.083343505859 289.916656494141 290 289.5 290.166656494141 291.75 293.333343505859 295.25 293.416656494141 295.333343505859 293.25 292.75 291.5 289.833343505859 290.583343505859 291.75 293.833343505859 293.583343505859 282.666656494141 283.916656494141 291.833343505859 293.166656494141 292.833343505859 295.583343505859 293.916656494141 295.083343505859 295.083343505859 293.333343505859 296.666656494141 295.583343505859 294.416656494141 296.25 294.083343505859 293.416656494141 292.5 292.75 290.083343505859 280.666656494141 283.333343505859 290.833343505859 293.25 294.75 295.166656494141 295.166656494141 295.166656494141 295 294.833343505859 293.75
292.25 290.583343505859 286.833343505859 288.833343505859 290.083343505859 288.916656494141 288.166656494141 287.166656494141 288.166656494141 287.916656494141 288.666656494141 291.75 293.916656494141 295.083343505859 295.416656494141 292.333343505859 293.75 295.583343505859 293.416656494141 292 292.75 290.416656494141 291.5 294.75 293.166656494141 287.5 280.333343505859 292.083343505859 293.75 294.25 293.916656494141 294.166656494141 293.75 293.916656494141 295.416656494141 295.916656494141 294.25 292.5 296.25 293.5 290.916656494141 287.083343505859 293.416656494141 292.166656494141 287.916656494141 283.75 292.75 293.75 295.416656494141 295.75 293.583343505859 294.166656494141 295.083343505859 294.916656494141 294.833343505859
293.333343505859 289.833343505859 288.25 281.416656494141 290.75 289 286.916656494141 289.416656494141 290.75 292.333343505859 291 291.833343505859 295 295.333343505859 295.25 292.083343505859 295.333343505859 295.333343505859 295 293.5 293.333343505859 291.083343505859 293.333343505859 294.666656494141 292.333343505859 287.5 280.416656494141 291.666656494141 292.833343505859 292.583343505859 291.75 292.5 293.25 293.75 294.083343505859 290.833343505859 288.75 290.833343505859 296.5 295.25 295.083343505859 291.916656494141 285 287.916656494141 290.916656494141 281.833343505859 292.25 294.75 295.416656494141 295.166656494141 293.333343505859 294.333343505859 294.916656494141 293.75 294.583343505859
292.166656494141 291 289.583343505859 286.083343505859 288.583343505859 283.25 288.25 290.25 288.916656494141 290.583343505859 293.583343505859 294.833343505859 294.916656494141 295.333343505859 293 291.666656494141 295.083343505859 294.25 293.583343505859 295.25 292.75 290.833343505859 291.416656494141 294.583343505859 292.25 290.166656494141 277.916656494141 280.75 287.583343505859 286.916656494141 284.75 289 290.25 291.916656494141 291 285.083343505859 283.833343505859 292.666656494141 296.583343505859 296.416656494141 294.166656494141 292.166656494141 289.75 282.166656494141 290.583343505859 279.25 292.916656494141 294.333343505859 295.333343505859 295.166656494141 294.416656494141 295.166656494141 295.333343505859 295.25 292.25
288 292.583343505859 287.333343505859 283.5 286.75 284.416656494141 287.916656494141 289.916656494141 291.5 291.666656494141 294.583343505859 294.833343505859 290.166656494141 295.166656494141 291.166656494141 289.333343505859 295.083343505859 293.916656494141 293.25 295.166656494141 293.333343505859 290.916656494141 293 294.5 292.833343505859 291.083343505859 285.083343505859 273.333343505859 274.75 280.5 284.666656494141 289.416656494141 290.25 291.25 292.416656494141 293.083343505859 295.333343505859 296.5 296.5 295.916656494141 292.166656494141 290 286.5 280 287.833343505859 289.416656494141 286.5 292.75 294.5 294.333343505859 294.333343505859 293.333343505859 294.5 293.166656494141 294
288.75 292.25 290.75 285.083343505859 282.916656494141 287.833343505859 290.166656494141 288.916656494141 288.833343505859 292.583343505859 294.416656494141 290.916656494141 291.25 295.166656494141 293.916656494141 292.416656494141 295.166656494141 295.333343505859 293.083343505859 294.916656494141 292.75 288.75 292.416656494141 294.583343505859 293.666656494141 291.75 280.25 276.666656494141 280.916656494141 280.416656494141 291.083343505859 293.083343505859 294.5 295.75 296.5 296.666656494141 296.5 296.5 295.166656494141 296.333343505859 294.083343505859 290.583343505859 287.25 280.083343505859 278.75 286 287.166656494141 284.5 291.583343505859 291.166656494141 291.666656494141 288.5 290.166656494141 292.833343505859 293.666656494141
288.75 290.166656494141 289.75 284.166656494141 284.416656494141 288.583343505859 289.083343505859 292.083343505859 292.5 294.083343505859 294.5 290.75 293.083343505859 295.083343505859 293.5 293.5 293 294.166656494141 292.583343505859 293.833343505859 292.416656494141 292.333343505859 294.416656494141 293.25 291.583343505859 291.833343505859 287.083343505859 289.5 288.916656494141 290.916656494141 286.583343505859 288.166656494141 290 294.333343505859 295.416656494141 296.5 296.5 295.083343505859 295.416656494141 295.916656494141 295.5 292.75 288.333343505859 283.25 271.916656494141 279.666656494141 286 285.333343505859 288.166656494141 288.75 282.583343505859 283.75 290.416656494141 292.25 292.5
291.416656494141 289.166656494141 287.916656494141 288.5 285 288.583343505859 290.583343505859 288.833343505859 290.666656494141 294.083343505859 291.75 288.75 292.75 295.416656494141 295.5 295.5 292.666656494141 293 292.75 292.833343505859 289.833343505859 294.416656494141 294.333343505859 292.333343505859 286.666656494141 290.416656494141 292.25 293 293 293.416656494141 290.583343505859 281.25 285.416656494141 292.583343505859 293.666656494141 296.5 296.333343505859 291.916656494141 295 296.25 293.416656494141 290.666656494141 288.666656494141 284 274.583343505859 273.333343505859 276.833343505859 279 286.75 289.166656494141 289.25 290 290.166656494141 290.083343505859 288.416656494141
290.25 287.583343505859 286.666656494141 286 286.416656494141 289 290.5 292.25 292.583343505859 294.333343505859 290.666656494141 287.583343505859 292.5 295.5 295.5 295.25 293.166656494141 291.75 291.25 290.666656494141 287.916656494141 293.75 289.583343505859 287.583343505859 292.416656494141 293.833343505859 294.416656494141 293.583343505859 294.25 294.75 293.833343505859 292.083343505859 288.916656494141 292.166656494141 293.5 296.333343505859 293 289.166656494141 289.083343505859 296.083343505859 294.5 294 291.5 287.666656494141 279.833343505859 278.75 273.75 275 281.583343505859 285.666656494141 283.916656494141 279.5 282.416656494141 282.416656494141 283.666656494141
288.583343505859 284.583343505859 284.416656494141 284.916656494141 289.333343505859 289.5 289.583343505859 292.333343505859 294.083343505859 291.75 288.666656494141 291.416656494141 294.916656494141 295.5 292.416656494141 294.75 292.583343505859 290.416656494141 287.916656494141 289.5 289.583343505859 293.916656494141 290.5 288.416656494141 293.75 293.083343505859 292.25 291.833343505859 293.75 294.5 295.666656494141 293.833343505859 291.916656494141 290.166656494141 294.5 296.166656494141 295.916656494141 288.75 290.5 295.75 295.083343505859 293.75 293 291.333343505859 285.416656494141 284.25 273.416656494141 270.666656494141 273.333343505859 272.75 271.333343505859 270.333343505859 273.916656494141 268.666656494141 273.416656494141
284.666656494141 285.583343505859 287.666656494141 289.75 287.25 288.333343505859 292.083343505859 293.916656494141 293.916656494141 291.75 290.166656494141 293.833343505859 295.083343505859 295.5 294.166656494141 293.5 293.75 293 288.5 290.5 293.833343505859 292.166656494141 289.416656494141 288.5 291.666656494141 289.333343505859 288.666656494141 290.666656494141 294.083343505859 295.75 296.25 296.25 295.166656494141 291.583343505859 296.083343505859 296.083343505859 294.833343505859 291.916656494141 292.75 296.083343505859 290.75 293 291.166656494141 290.666656494141 283.25 272.083343505859 273.666656494141 270.5 267.25 275.666656494141 278.083343505859 278 278.833343505859 272.083343505859 265.583343505859
278.083343505859 286 289.5 288.166656494141 289.083343505859 291.416656494141 293.5 293.666656494141 291.833343505859 289.5 290.083343505859 293.333343505859 295.166656494141 294.75 295.416656494141 295.083343505859 291.25 293.75 292.833343505859 291 293.333343505859 290.916656494141 283.833343505859 288.416656494141 289.333343505859 293 289.833343505859 291.666656494141 292.166656494141 293.916656494141 296.083343505859 296.083343505859 295.5 296.083343505859 296.083343505859 295.083343505859 294.166656494141 291.666656494141 293.916656494141 296.083343505859 293.166656494141 293.666656494141 290.833343505859 286.916656494141 289.583343505859 270.583343505859 276.166656494141 271.25 269 273.5 281.5 282.166656494141 275.75 272.916656494141 274.416656494141
268.75 282.25 289.416656494141 291.583343505859 292.166656494141 293.083343505859 293.083343505859 291.416656494141 290.25 288.25 291.25 291.5 294.75 295.083343505859 292.833343505859 294.75 294.416656494141 291.666656494141 288.916656494141 293.166656494141 293.083343505859 289.75 283.416656494141 291.666656494141 290.666656494141 293.666656494141 293.166656494141 292.166656494141 291.416656494141 291.916656494141 295.166656494141 292.666656494141 294.166656494141 296.083343505859 296.083343505859 293.25 291.833343505859 291 291.75 293.916656494141 295.916656494141 294.916656494141 292.916656494141 292.833343505859 289.166656494141 287.916656494141 284.416656494141 281.25 267.916656494141 274.083343505859 277.75 279.833343505859 274.333343505859 276.5 274.333343505859
264.083343505859 286.916656494141 288.416656494141 287.833343505859 289.25 291.083343505859 292.666656494141 293.083343505859 290.916656494141 287.583343505859 289.166656494141 291.333343505859 294.666656494141 293.5 291.833343505859 291.916656494141 294.333343505859 292.333343505859 290.666656494141 292.083343505859 292 287.833343505859 280 291.5 292.75 292.166656494141 294 293.916656494141 295.333343505859 295.666656494141 295.833343505859 293.333343505859 296.083343505859 296.083343505859 293.333343505859 287.666656494141 284.833343505859 287 289.666656494141 291.583343505859 295.916656494141 295.75 293.75 291 286.916656494141 280.333343505859 279.833343505859 279.083343505859 266.416656494141 268.666656494141 278.833343505859 279.75 283.916656494141 277.416656494141 276.25
269.333343505859 277.583343505859 284.166656494141 285.583343505859 288.166656494141 291.166656494141 292.583343505859 288.75 290.583343505859 289.75 289.083343505859 292.25 294.5 294.583343505859 293.5 289 291 289.666656494141 290.666656494141 290.916656494141 287.75 290.583343505859 287.5 287.333343505859 286.5 291.166656494141 289.916656494141 294.416656494141 295.416656494141 295.5 293.25 295.333343505859 294.833343505859 296 293.583343505859 285.5 279.166656494141 289.916656494141 289.166656494141 292 295.916656494141 295.833343505859 294.25 293.833343505859 292 287.083343505859 275.333343505859 275 266.25 264.416656494141 279.75 283.416656494141 283.333343505859 277.166656494141 278.166656494141
277.083343505859 280.666656494141 285 286 289.583343505859 289.25 292.416656494141 292.166656494141 290.583343505859 287.833343505859 292.5 293.083343505859 294.333343505859 294.416656494141 292.916656494141 291.666656494141 288.75 287.666656494141 290.416656494141 288.666656494141 284.166656494141 286.583343505859 288.583343505859 288.75 286.666656494141 292 292.583343505859 291.833343505859 295.333343505859 291.583343505859 293.083343505859 295.833343505859 296 295.75 292.166656494141 288.916656494141 276.666656494141 288.083343505859 293.833343505859 294.333343505859 295.5 293.25 291.166656494141 293.75 292.833343505859 291.666656494141 286.583343505859 279.916656494141 270.833343505859 267.333343505859 274.75 279.666656494141 285.25 286.666656494141 282.5
281.416656494141 265.416656494141 270.083343505859 276.583343505859 275.5 280.666656494141 290.666656494141 291.916656494141 290 289.666656494141 291.416656494141 290.5 294.083343505859 294.083343505859 294 292 288.833343505859 288 289.75 287.583343505859 285 281.083343505859 284.416656494141 285.416656494141 285.416656494141 288.916656494141 291.666656494141 293.166656494141 294.916656494141 292.166656494141 293.25 294.25 296 295.416656494141 293.75 288.833343505859 279.75 285.75 293.833343505859 291.833343505859 292.583343505859 295.75 295.666656494141 295.166656494141 294.166656494141 293.25 281.833343505859 275.916656494141 274.25 272.833343505859 282.416656494141 280.083343505859 288.833343505859 288.666656494141 290.25
270.25 279.833343505859 286.583343505859 287.666656494141 288.916656494141 288.666656494141 289.083343505859 290.583343505859 286.5 287.166656494141 286.25 286.166656494141 292.25 292.833343505859 293.916656494141 293.333343505859 291.333343505859 288.916656494141 288.083343505859 285 285.083343505859 278 280.5 283.833343505859 287.583343505859 291.25 291.916656494141 293.416656494141 292.583343505859 290.083343505859 291.083343505859 293.666656494141 295.916656494141 295.333343505859 291.166656494141 287.416656494141 284.916656494141 285.916656494141 292.833343505859 288.333343505859 288.333343505859 292.833343505859 295.666656494141 294.666656494141 291.75 291.416656494141 286.583343505859 282.916656494141 279.916656494141 280.833343505859 279.75 285.25 287.416656494141 288.75 292.333343505859
272.583343505859 273.666656494141 282.25 287.75 289.416656494141 280.083343505859 282.083343505859 290.583343505859 287.583343505859 279.666656494141 280.583343505859 286.083343505859 290.416656494141 292.333343505859 292.833343505859 292.166656494141 291.5 291 286.083343505859 278.583343505859 282.25 275.166656494141 281.416656494141 289.916656494141 290.083343505859 289.75 289 290.583343505859 290 288.666656494141 291.083343505859 293.833343505859 295.666656494141 295.083343505859 293.166656494141 289 286.5 289.666656494141 289.666656494141 283.833343505859 290 293.75 295.666656494141 295.416656494141 291.666656494141 289 289.416656494141 288 286.166656494141 283.666656494141 279.083343505859 282.833343505859 290.333343505859 290.833343505859 292.583343505859
283.416656494141 266 274.583343505859 283.916656494141 288.166656494141 277.75 279.5 289.333343505859 290.583343505859 286.5 283.75 285.166656494141 290.166656494141 289.166656494141 291.416656494141 291.166656494141 290.166656494141 290 288.083343505859 277.916656494141 275.333343505859 279.25 283.25 288.75 291.666656494141 289.75 288.25 286.666656494141 288.583343505859 292.083343505859 293.916656494141 295.5 295.416656494141 293.75 294 287.75 284.833343505859 282.833343505859 287.166656494141 291.75 292.583343505859 293.75 295.166656494141 295.5 290.5 283.5 284.75 283 280.5 284.916656494141 278.666656494141 286.75 290.75 291.5 291.916656494141
