Incidence_climate paper/tmax1.asc
NCOLS 245 
NROWS 216 
XLLCORNER 28.858344226 
YLLCORNER -2.841663685 
CELLSIZE 0.00833333376734694 
NODATA_value -9999 
[rows 72 to 95 of 216, columns 110 to 164 of 245]
268.833343505859 273.333343505859 275.75 275.916656494141 272.833343505859 272.583343505859 273.333343505859 268.083343505859 253.66667175293 270.666656494141 260.416656494141 258.916656494141 264.166656494141 263.333343505859 268.583343505859 268.416656494141 256 266.916656494141 266.833343505859 262.25 262.5 257.416656494141 259.083343505859 266.583343505859 261.75 248.91667175293 264.666656494141 256.666656494141 256.583343505859 249.16667175293 237.83332824707 259.5 257.916656494141 252.33332824707 259.583343505859 264.5 258.666656494141 254.66667175293 255.08332824707 247.91667175293 260.083343505859 248.41667175293 251.41667175293 249.16667175293 245.25 264.666656494141 270.833343505859 265.166656494141 267.25 276.166656494141 268.5 277.166656494141 281.083343505859 277.583343505859 283.25
268.333343505859 269.083343505859 273.583343505859 273.916656494141 277 276.416656494141 275.833343505859 260.916656494141 258.5 271.75 269.416656494141 262.166656494141 266.25 269.916656494141 258.25 266.5 268.333343505859 267.75 264.416656494141 267.666656494141 267.583343505859 267.166656494141 267.083343505859 267 266.583343505859 259.083343505859 265.583343505859 265.666656494141 260.083343505859 256.083343505859 245.83332824707 250.33332824707 263.75 259.25 253.25 264.416656494141 264.333343505859 248.66667175293 250.41667175293 245.16667175293 257.333343505859 253.83332824707 246 257.5 261.25 261.25 256.5 269.416656494141 272.333343505859 270.916656494141 274.166656494141 271.5 268.666656494141 280.416656494141 262.166656494141
259.083343505859 263.916656494141 273.5 277.416656494141 271.75 268.416656494141 272.916656494141 269.083343505859 276 268.833343505859 272.666656494141 262.333343505859 263.5 269.5 251.91667175293 258.666656494141 268 262.25 258.833343505859 261.666656494141 267.333343505859 264.5 267.25 266.916656494141 263.083343505859 252.25 266.916656494141 262.916656494141 252.16667175293 247.83332824707 253.08332824707 247.83332824707 272 269.5 258 253.16667175293 262.5 260.083343505859 269.75 267.416656494141 263.25 256.333343505859 247.5 247.66667175293 258.083343505859 257 245.91667175293 259.083343505859 268.583343505859 266.916656494141 274.25 273.583343505859 265.166656494141 266.416656494141 273.916656494141
273 275.75 275.833343505859 277.25 267.333343505859 259.166656494141 266.333343505859 276.833343505859 273.25 264.5 258.916656494141 245.33332824707 249.41667175293 261.5 269.5 250.66667175293 257.75 265.416656494141 268.166656494141 268.5 261.083343505859 261 254.25 261.916656494141 258.416656494141 260.5 267 265.666656494141 264 248.66667175293 257.083343505859 252.08332824707 258 273.666656494141 270.75 247.83332824707 253.66667175293 265.5 272 265.5 251.91667175293 248.66667175293 244.58332824707 247.25 248.16667175293 254.66667175293 251 251.75 249 264.166656494141 258.833343505859 266.083343505859 274.916656494141 265.833343505859 275.25
267.75 276.833343505859 276.833343505859 276.666656494141 272.583343505859 273.916656494141 267.25 273 274.666656494141 267.5 262.833343505859 253.41667175293 244.16667175293 253.41667175293 269.5 248.41667175293 251.16667175293 262.583343505859 263.166656494141 268.166656494141 268.166656494141 267.916656494141 267.916656494141 267.916656494141 267.5 263.083343505859 267.166656494141 266.583343505859 256.333343505859 248.58332824707 245.08332824707 243.83332824707 249.58332824707 266.083343505859 275.083343505859 265.333343505859 255.16667175293 255.41667175293 270.333343505859 273.833343505859 262.083343505859 249.83332824707 252.41667175293 248.83332824707 263.083343505859 262.5 248.75 260 254.33332824707 268 272.583343505859 258.333343505859 262.583343505859 268.916656494141 258.833343505859
263.25 270.666656494141 279.833343505859 278.416656494141 276.833343505859 275.75 272.583343505859 271.5 270.75 270.75 264.333343505859 261.583343505859 244.83332824707 244.91667175293 263.25 265.25 251.41667175293 253.83332824707 249.33332824707 251.83332824707 266 262.833343505859 265.25 267.666656494141 267.75 267.416656494141 267.416656494141 260.583343505859 249.83332824707 253.41667175293 267.583343505859 254.75 257.833343505859 259.833343505859 273.916656494141 271 257.5 251.83332824707 254.66667175293 273.333343505859 268.25 256.666656494141 259.416656494141 252.41667175293 249.58332824707 263.083343505859 262.916656494141 264.166656494141 265.666656494141 275.916656494141 275.25 273.5 261.25 254.16667175293 265.083343505859
271.75 274.833343505859 280 279.833343505859 269.083343505859 273.5 272.416656494141 271.5 266.416656494141 265 270.083343505859 265.333343505859 263.25 249.41667175293 256.666656494141 266.5 254.33332824707 245.08332824707 254.16667175293 245.25 252.91667175293 251.91667175293 263 261.833343505859 267.25 260.083343505859 267.25 251 247.83332824707 261.583343505859 277.25 270.5 264.25 256.083343505859 275.916656494141 276.333343505859 267.5 254.08332824707 266.25 272.833343505859 271.25 266.916656494141 258.666656494141 266.166656494141 256.916656494141 257.833343505859 257.666656494141 256.25 257.833343505859 264.5 263.916656494141 277 271.166656494141 258.25 256.833343505859
269.083343505859 264.416656494141 280.5 275.25 264.666656494141 271.083343505859 275.5 272.75 268.583343505859 263.583343505859 263.083343505859 266 269.666656494141 258.25 244.58332824707 260.5 269.416656494141 257.25 263.416656494141 247.41667175293 246.16667175293 240.91667175293 249.58332824707 257.416656494141 261.166656494141 267.25 254 256.666656494141 262.333343505859 275.5 278.5 280.333343505859 276.916656494141 279.75 267.333343505859 273.5 278.166656494141 271.416656494141 256.75 261.083343505859 260.75 275.5 266.25 261.666656494141 275.25 252.91667175293 250.25 251.25 262.333343505859 258.333343505859 256 276.916656494141 280.166656494141 261 259.166656494141
274.166656494141 273.083343505859 279.25 270 259.25 256.25 268.5 273.666656494141 267.75 263.75 265.583343505859 269.166656494141 274.416656494141 268.333343505859 252.41667175293 254.75 264.166656494141 263.916656494141 267.75 257.083343505859 251.58332824707 245.83332824707 259.083343505859 260.916656494141 250.08332824707 255.83332824707 253 269.833343505859 276.166656494141 274.75 274.833343505859 271.5 278.833343505859 279.666656494141 267.75 272.166656494141 280.75 282.75 259.583343505859 255 261 280.25 278.083343505859 265.25 275.25 259.666656494141 249.91667175293 260.5 257.666656494141 252.41667175293 250.66667175293 270.583343505859 280.083343505859 281.166656494141 264.166656494141
277.583343505859 274.833343505859 267.75 270.083343505859 274.333343505859 269.416656494141 259.75 261.916656494141 270.666656494141 267.583343505859 267.916656494141 274 276.583343505859 269.25 254.83332824707 248.75 258 268.333343505859 267.416656494141 262.666656494141 256.333343505859 249.33332824707 260.916656494141 266.5 262.166656494141 261.083343505859 273 275.416656494141 259.166656494141 266.166656494141 262.75 275.333343505859 274.916656494141 282.75 276.75 278.583343505859 284.25 282 253 258.666656494141 270 280.666656494141 276.166656494141 275.75 266.083343505859 269.166656494141 259.166656494141 250.91667175293 253.16667175293 263.083343505859 259.75 256.583343505859 269.166656494141 280.083343505859 265.083343505859
285.583343505859 271.416656494141 254.75 259.5 258.416656494141 263.75 262.333343505859 261 266.5 268.75 272.916656494141 274.5 274.333343505859 268.916656494141 254.75 237.33332824707 252.75 268.166656494141 264.833343505859 268.5 267.333343505859 250.66667175293 246.25 252.25 261.083343505859 270.583343505859 272.25 263 250.58332824707 248.83332824707 256.25 262.75 278.916656494141 279.75 282.75 284.916656494141 282.166656494141 276.416656494141 261.75 257.333343505859 263.666656494141 276.75 269.416656494141 273 257.5 260.25 262.083343505859 251.66667175293 248.83332824707 254.16667175293 271.333343505859 272.083343505859 262 276.583343505859 282.583343505859
265.083343505859 253.75 253.33332824707 253.58332824707 253.25 253.58332824707 253.66667175293 259.5 264.5 268.75 272 273.916656494141 276.833343505859 269.416656494141 260.333343505859 246.66667175293 253 268 252.58332824707 264.916656494141 262.75 255.5 249.58332824707 255.66667175293 256.5 258.083343505859 262.333343505859 257.166656494141 252.41667175293 268.666656494141 256.166656494141 255.16667175293 264.25 280.583343505859 270.166656494141 282.75 284.333343505859 281.25 267.166656494141 278.333343505859 270.666656494141 274.833343505859 274.916656494141 268.166656494141 265.166656494141 257.25 254.16667175293 259.166656494141 257.083343505859 255 263.083343505859 269 266.416656494141 261.25 267
265.25 261.583343505859 268 257.666656494141 267 261.75 250.83332824707 252.83332824707 267.166656494141 262.333343505859 273.833343505859 276 276.666656494141 268.666656494141 260.75 242.83332824707 249.08332824707 267.583343505859 256.916656494141 262.333343505859 268.25 267.666656494141 251.5 259.916656494141 263 253.16667175293 248.41667175293 246 264.75 277 273.833343505859 278.75 263.666656494141 264.75 271.916656494141 282.5 283.166656494141 281.75 273 262.583343505859 281.833343505859 280.166656494141 284.333343505859 276.666656494141 262.5 260.25 261.666656494141 269.333343505859 268.25 262.583343505859 270.083343505859 257.583343505859 267.416656494141 273.666656494141 269.666656494141
270.25 271.583343505859 274.5 273.5 274.25 267.75 265.583343505859 261.916656494141 260.083343505859 261.166656494141 272.166656494141 277.916656494141 278.416656494141 273.666656494141 269.416656494141 250.75 248.91667175293 266.916656494141 261.25 251.83332824707 260 267.833343505859 262.583343505859 251.75 260.666656494141 251.16667175293 242.08332824707 259.416656494141 273.833343505859 271.916656494141 271.916656494141 273.083343505859 278.5 267.833343505859 268.166656494141 274.25 285.75 286.083343505859 278.333343505859 259.416656494141 279.083343505859 287.416656494141 287.833343505859 268.166656494141 264.166656494141 263.666656494141 276.083343505859 271.166656494141 254.83332824707 257 274.666656494141 271 262.583343505859 268.166656494141 267.75
272.833343505859 278.583343505859 275.083343505859 252.16667175293 256.5 256.25 260.75 264.583343505859 264.333343505859 270.25 273.25 278.666656494141 279.75 276.5 269.083343505859 262.083343505859 242.41667175293 251.16667175293 263.666656494141 257.333343505859 248.41667175293 248.25 264.916656494141 258.333343505859 253.16667175293 248.58332824707 245.33332824707 261.5 268.583343505859 269.75 261.333343505859 262.75 276.666656494141 283.333343505859 264.583343505859 265.833343505859 275.583343505859 283.583343505859 279.166656494141 274.333343505859 263.666656494141 287.833343505859 288.75 271.5 262 267.916656494141 278.833343505859 266.583343505859 261.333343505859 260.083343505859 258.833343505859 278.833343505859 276.583343505859 261.666656494141 264.666656494141
283.083343505859 280.083343505859 267.25 262.666656494141 269.583343505859 262.916656494141 258.666656494141 257.916656494141 257.916656494141 264 274.416656494141 277.833343505859 274.5 275.25 275.333343505859 265.833343505859 254.33332824707 246.75 265.583343505859 262.75 252.5 245.58332824707 262.5 259.75 247.75 262.833343505859 245.75 257.666656494141 263.166656494141 270 257.25 259.5 271.75 279.166656494141 284.583343505859 279.416656494141 269.666656494141 278.5 286.75 288.166656494141 288.666656494141 287.5 286.083343505859 285 281.083343505859 270 280 272.166656494141 268.25 270.25 265.666656494141 258.25 277.25 279.25 271.083343505859
282.75 274.083343505859 280 277.916656494141 249.75 251.83332824707 245 250.5 261.166656494141 271.416656494141 270.416656494141 277.5 282.75 266.833343505859 277.583343505859 273.416656494141 263 249.5 264.666656494141 267 255.66667175293 243.08332824707 254.16667175293 258 250.58332824707 266.5 253.08332824707 255.16667175293 267.5 261.25 255.58332824707 270.083343505859 259.166656494141 269 277.166656494141 286.166656494141 286.75 277.333343505859 274.083343505859 282.166656494141 288.833343505859 283.916656494141 289.333343505859 288.583343505859 285.916656494141 287 283.833343505859 270.166656494141 269.666656494141 282 277.833343505859 265.583343505859 266.666656494141 274.666656494141 280.416656494141
286.583343505859 287.583343505859 274.333343505859 263.416656494141 263.75 257.5 248.41667175293 249.66667175293 255.33332824707 268.416656494141 266.583343505859 261.083343505859 279.416656494141 280.416656494141 279.083343505859 277.25 264.916656494141 249.33332824707 248.75 265.25 256.75 250.91667175293 250.75 262.333343505859 252.83332824707 269.25 256.5 248.25 261.416656494141 253.5 263.5 255.58332824707 256.583343505859 268.583343505859 278.583343505859 274.75 287.75 283.416656494141 272.666656494141 279.833343505859 282.833343505859 281.666656494141 287.916656494141 282.166656494141 289.333343505859 288.833343505859 288.833343505859 276.583343505859 271 286.083343505859 280.583343505859 280.666656494141 279.916656494141 263.583343505859 271.916656494141
287.416656494141 288.25 282.083343505859 279 270.75 256.333343505859 261 263.25 253.91667175293 276 268.166656494141 264.833343505859 281.666656494141 281.916656494141 280.333343505859 269.666656494141 269.083343505859 254.58332824707 246.83332824707 260.083343505859 264.583343505859 257.25 253.91667175293 254.16667175293 248.41667175293 271.25 260.083343505859 251.5 256.083343505859 246.91667175293 254.91667175293 255.08332824707 263.083343505859 273.666656494141 275.5 271.25 285.583343505859 279.666656494141 275 281.5 285 285.916656494141 289.666656494141 279.833343505859 276 282.5 283.5 288.333343505859 287.833343505859 280.75 279.166656494141 272.5 266.583343505859 267.916656494141 267.75
290.666656494141 287.166656494141 284 271.75 272.583343505859 267.166656494141 270.333343505859 267.833343505859 264.416656494141 274.916656494141 276 277.583343505859 284.666656494141 278.666656494141 280.416656494141 280.5 279.333343505859 270.5 260.416656494141 249.16667175293 269.416656494141 257.75 266.583343505859 251.83332824707 258.416656494141 272.5 262.25 254.41667175293 266.75 255.33332824707 265.5 260.416656494141 270.666656494141 277.583343505859 276.916656494141 283.416656494141 287.083343505859 288.916656494141 285.833343505859 276.5 279.166656494141 280.583343505859 289.583343505859 282.916656494141 274.916656494141 272.083343505859 277.833343505859 283.416656494141 287.166656494141 274.333343505859 273.333343505859 276.5 270.75 275.833343505859 275.833343505859
292.833343505859 287.916656494141 288.583343505859 283.333343505859 274.833343505859 279.5 270.333343505859 259 253.16667175293 277.333343505859 275.416656494141 281.833343505859 278.416656494141 269.666656494141 279.333343505859 286.5 284.416656494141 272.333343505859 251.75 245.83332824707 257.166656494141 271.083343505859 274.416656494141 255.5 261.416656494141 276.916656494141 272.833343505859 258.75 271.25 260.25 269.583343505859 261.333343505859 267.166656494141 270.416656494141 269.166656494141 275.666656494141 283.166656494141 284.333343505859 289.75 289.916656494141 277 289.583343505859 289.5 289.583343505859 282.25 273.5 273.416656494141 276.833343505859 278.416656494141 286.916656494141 273.333343505859 270 271.75 264.5 267.25
287.833343505859 294.833343505859 290.75 285.166656494141 285 271.583343505859 268.75 262.416656494141 260.75 270.166656494141 279.5 277.833343505859 286.166656494141 269.5 271.583343505859 283.833343505859 282.916656494141 276.666656494141 269.583343505859 252.58332824707 247.83332824707 260.583343505859 273.916656494141 268.416656494141 259.75 278.083343505859 264.083343505859 261.25 274.916656494141 262.083343505859 274.916656494141 271.5 272.916656494141 260.916656494141 266.833343505859 276.583343505859 289.666656494141 290.416656494141 289.833343505859 286.75 289.916656494141 289.75 279.833343505859 285.083343505859 289.416656494141 283.416656494141 273.75 270.666656494141 278.666656494141 282.333343505859 288.416656494141 268.833343505859 268.25 265.333343505859 268.333343505859
285.666656494141 288.25 294.916656494141 291.75 280.166656494141 281.083343505859 279.5 272 263.666656494141 265.25 284 272.75 281.916656494141 278.75 283.166656494141 285 285.416656494141 285.333343505859 275.75 259.666656494141 252.58332824707 260 275.916656494141 276.833343505859 267.333343505859 278.083343505859 271.833343505859 259.75 275.166656494141 261.833343505859 277.833343505859 281 281.833343505859 266.75 272.75 280.75 287.583343505859 283.166656494141 279.25 282.083343505859 283.083343505859 286.333343505859 278.333343505859 286.583343505859 285.5 289.416656494141 288.5 269.666656494141 271.083343505859 276.666656494141 282.916656494141 286.416656494141 278.416656494141 270 273
285.833343505859 287.916656494141 294.833343505859 295 287.333343505859 281.666656494141 267.333343505859 275.5 265.583343505859 270.833343505859 290.083343505859 280.25 278.25 268.25 272.5 287.166656494141 291.083343505859 284.333343505859 282.916656494141 278.5 266.333343505859 252.41667175293 268.083343505859 277.25 266.416656494141 276.416656494141 273.333343505859 264.25 277.166656494141 271.583343505859 264.333343505859 278.583343505859 284.5 270.5 266.5 272.75 286.583343505859 285.5 286.333343505859 280.083343505859 276.583343505859 280.333343505859 278.416656494141 286.333343505859 278.916656494141 281.833343505859 288.5 278.333343505859 274.25 267.75 276.75 280.916656494141 288.166656494141 286.083343505859 275.5
