Incidence_climate paper/tmax1.asc
NCOLS 245 
NROWS 216 
XLLCORNER 28.858344226 
YLLCORNER -2.841663685 
CELLSIZE 0.00833333376734694 
NODATA_value -9999 
[rows 168 to 191 of 216, columns 0 to 54 of 245]
-9999 275.666656494141 275.333343505859 275.833343505859 275.666656494141 271.416656494141 273.166656494141 269.916656494141 267.333343505859 266.833343505859 263.583343505859 264.416656494141 257.166656494141 259.583343505859 259.166656494141 253.83332824707 254.16667175293 260.666656494141 256.666656494141 261.333343505859 264.25 268.5 267.416656494141 267.583343505859 261.25 260.083343505859 255.83332824707 245.41667175293 245.33332824707 247.5 254.25 247.5 231.16667175293 228.25 229.16667175293 236.33332824707 245.16667175293 245.66667175293 242 253.75 259.416656494141 259.416656494141 253.41667175293 234.91667175293 231.33332824707 223 211.41667175293 194.08332824707 201.66667175293 209.83332824707 211.41667175293 210.08332824707 202.41667175293 203.75 207.33332824707
-9999 -9999 275.916656494141 276 275.666656494141 272.333343505859 272.333343505859 267.166656494141 267 265.083343505859 259.75 260.916656494141 256.833343505859 255.58332824707 255.58332824707 251.83332824707 251.91667175293 251.58332824707 256.25 259.75 264.333343505859 266.583343505859 265.333343505859 264.25 258.416656494141 250.91667175293 245.91667175293 245.41667175293 246.08332824707 246.83332824707 245.5 245 236.91667175293 238.25 238.16667175293 234.91667175293 232.91667175293 232.5 244.58332824707 258.166656494141 247.41667175293 251.25 256.833343505859 250.91667175293 234.16667175293 220.75 207 201.83332824707 206.16667175293 213.91667175293 212.33332824707 216.75 215.91667175293 212.41667175293 215.08332824707
-9999 -9999 -9999 276.5 276.083343505859 271.5 271.166656494141 268.416656494141 265.583343505859 264 260.166656494141 257.5 250.83332824707 251.83332824707 250.91667175293 246.08332824707 250.75 251.75 253.25 258.083343505859 261.583343505859 269.166656494141 268.916656494141 257.166656494141 259.416656494141 251.16667175293 246.75 245.5 246.66667175293 247 246.16667175293 242.33332824707 242.66667175293 245.83332824707 245.08332824707 240.5 222.66667175293 238.41667175293 247.5 252 238.16667175293 241.58332824707 244.75 243.83332824707 232.91667175293 219.08332824707 211.41667175293 209.66667175293 212.5 216.33332824707 211.5 215.5 219.5 217.75 220.41667175293
-9999 -9999 -9999 -9999 276.416656494141 273.25 270 267.25 264.5 258.75 256.083343505859 254.83332824707 247.58332824707 247.08332824707 249.58332824707 247.33332824707 247 252.66667175293 252.08332824707 255.25 266.166656494141 268.833343505859 265.166656494141 259.166656494141 253.83332824707 250.83332824707 249.08332824707 246.75 244.91667175293 245.66667175293 243.25 239.58332824707 244.91667175293 245.91667175293 245.91667175293 246 223.58332824707 230.66667175293 240.66667175293 237.75 225.5 230.91667175293 230.08332824707 228.5 224 221.5 214.83332824707 211.91667175293 217.5 220.25 214.75 217.08332824707 221.08332824707 220.66667175293 223
-9999 -9999 -9999 -9999 276.916656494141 271.25 270.333343505859 268.166656494141 262.333343505859 255.91667175293 253.75 249.83332824707 245.91667175293 245 248 246.66667175293 246.75 250.91667175293 248.16667175293 251.66667175293 267.5 267.5 265.083343505859 257.583343505859 253.91667175293 248.83332824707 246.58332824707 247.25 239.5 245.5 245.58332824707 246.5 245.33332824707 246 245.91667175293 245.91667175293 238.25 228 230.66667175293 233.33332824707 226.16667175293 219.58332824707 219.83332824707 220.41667175293 224.66667175293 225 224.5 220.33332824707 220 220.58332824707 220.25 222.66667175293 222.58332824707 222.75 223.58332824707
-9999 -9999 -9999 -9999 275.666656494141 271.916656494141 268.583343505859 264.583343505859 260.75 252.08332824707 248.16667175293 246.5 245.83332824707 244.25 245.16667175293 246.58332824707 246.58332824707 247.58332824707 246.25 252.75 263.416656494141 262.75 264 257.666656494141 252.33332824707 250.75 243.66667175293 242.5 237.83332824707 245.5 250.91667175293 248.58332824707 244.91667175293 245 246 240.08332824707 234.16667175293 236.75 233.16667175293 217.58332824707 215 224.58332824707 221.66667175293 225.16667175293 231.41667175293 230.5 226.91667175293 221 220.33332824707 224.83332824707 222.58332824707 223.75 222.41667175293 223.08332824707 223
-9999 -9999 -9999 -9999 275.583343505859 271.583343505859 262.333343505859 258.416656494141 259.083343505859 251.58332824707 244.08332824707 243 244.58332824707 243.5 243.08332824707 243.58332824707 242.33332824707 242.91667175293 248.25 254.41667175293 262.416656494141 265.333343505859 265 263.666656494141 258.25 249.83332824707 247.08332824707 243.5 245.08332824707 245.66667175293 251.16667175293 251.91667175293 247.41667175293 233.83332824707 244.75 235.33332824707 236 239.41667175293 239.75 236.5 235.08332824707 237.83332824707 224.83332824707 236.33332824707 241.08332824707 233.5 221.16667175293 223.08332824707 224 225 226 223.75 220.08332824707 220.41667175293 219.25
-9999 -9999 -9999 -9999 276.416656494141 275 264.916656494141 258.333343505859 250.33332824707 253.66667175293 245.58332824707 244 240.08332824707 238.91667175293 241 244.16667175293 246.25 241.33332824707 249 261.416656494141 268.416656494141 267.833343505859 268.5 264.916656494141 264 253.91667175293 253.08332824707 249.25 248.58332824707 247.75 251.58332824707 252.08332824707 249.58332824707 238.25 231.08332824707 226.75 230.66667175293 236.75 238.16667175293 240.08332824707 238 237.91667175293 241.58332824707 242.5 245.5 237.41667175293 225.5 223.83332824707 226.25 225.75 227.58332824707 224 226.91667175293 221.41667175293 217.91667175293
-9999 -9999 275.5 276 276.25 272.833343505859 263.833343505859 257.583343505859 252.83332824707 248.41667175293 242.41667175293 244.91667175293 236.83332824707 238.83332824707 243.5 245.16667175293 251.25 251.5 251.58332824707 267 272.416656494141 270.666656494141 272 268.5 263.25 260.833343505859 262.5 251.41667175293 253.25 256.916656494141 251 248.08332824707 248.91667175293 254.5 250.41667175293 234.58332824707 227.66667175293 231.66667175293 235.25 240 236.16667175293 234.91667175293 238.75 244.16667175293 248.41667175293 238.33332824707 224.5 226.33332824707 224.16667175293 220.5 223.91667175293 225 226.5 224.41667175293 219.16667175293
-9999 276.583343505859 276.416656494141 276.5 274.75 270.833343505859 261.583343505859 257.916656494141 251.5 250.75 244.91667175293 247.5 240.25 239.75 240.83332824707 247.16667175293 253.16667175293 267.583343505859 262.583343505859 258.833343505859 268.833343505859 270.75 277.25 273.25 269.333343505859 262.666656494141 274.166656494141 261.416656494141 259.166656494141 257.583343505859 247.58332824707 239.25 241.66667175293 249 256.75 252.66667175293 249.91667175293 236.33332824707 230.83332824707 238.75 243.5 242.58332824707 240 235 246.91667175293 245.83332824707 223.83332824707 227 219.91667175293 215.66667175293 221.33332824707 223.75 221.41667175293 223.33332824707 220.41667175293
278.5 276.083343505859 274.833343505859 273.583343505859 273.416656494141 266.333343505859 262.416656494141 258.416656494141 254.83332824707 249.58332824707 244.66667175293 249.58332824707 239.41667175293 238.75 240.08332824707 245.58332824707 256.833343505859 271.75 276.75 271.333343505859 274.25 276.166656494141 281.416656494141 275.833343505859 270.416656494141 272.25 260.666656494141 247.91667175293 253.33332824707 252.08332824707 245 239.25 241.66667175293 241.16667175293 252.66667175293 257.916656494141 254.75 252.16667175293 236.08332824707 233.33332824707 236.5 238.08332824707 232.33332824707 240.25 245.75 237.91667175293 232.91667175293 230.83332824707 220.08332824707 217 222.41667175293 224 224 222.75 222.75
-9999 279 276.166656494141 271.583343505859 269.75 263.333343505859 258.333343505859 261.333343505859 260.25 249.66667175293 245.83332824707 240.83332824707 242.91667175293 237.91667175293 242.25 246.08332824707 254.25 268.083343505859 278.583343505859 285.666656494141 282.666656494141 283.583343505859 281.833343505859 281.166656494141 278.666656494141 267.166656494141 258.416656494141 261.916656494141 255.16667175293 252.83332824707 244.66667175293 239.33332824707 251.91667175293 251 253.66667175293 259.416656494141 260.5 258 249 233 230 229.66667175293 228.66667175293 238 244.5 250.5 244.58332824707 232.5 226.83332824707 217.91667175293 220.33332824707 220.91667175293 220.25 223.91667175293 221.75
-9999 -9999 278.583343505859 275.5 272.916656494141 261.833343505859 254.41667175293 257.5 257.666656494141 251.41667175293 250.66667175293 250.41667175293 249 243.41667175293 239.5 240.25 249.75 266.583343505859 270.916656494141 276 283.916656494141 292.333343505859 287.333343505859 277 268.25 259.166656494141 257.25 279.5 280.833343505859 261.25 245.16667175293 243.25 252.75 260.25 246 254.5 262.666656494141 263.666656494141 257.083343505859 246.66667175293 242.16667175293 239.25 226.91667175293 231.91667175293 239.33332824707 250.91667175293 242.25 221.16667175293 220.25 218.91667175293 219.83332824707 218.83332824707 217.16667175293 220.41667175293 225.16667175293
-9999 -9999 -9999 279.5 273 262.583343505859 254.5 259.833343505859 257.666656494141 252.75 253.58332824707 252.75 253.41667175293 243.66667175293 243.33332824707 249.75 258.75 270.5 277.083343505859 284.75 295.5 296.083343505859 289.666656494141 279.583343505859 267.916656494141 260.25 260.666656494141 273.833343505859 277.25 260.583343505859 262.083343505859 249.25 254.25 257.166656494141 251 245.25 249.08332824707 263.833343505859 262.833343505859 260.916656494141 252.5 242.33332824707 238.33332824707 242.25 244 247.25 233.75 225.5 225.25 228.83332824707 221 214.16667175293 215.41667175293 216.08332824707 219.25
-9999 -9999 -9999 -9999 279.666656494141 257.5 261.333343505859 258.583343505859 257.75 254.16667175293 253.91667175293 255.66667175293 251.25 244.91667175293 242.91667175293 240.83332824707 256.5 262.75 278.666656494141 286.916656494141 296.833343505859 294.833343505859 294.75 279.916656494141 269.083343505859 265.416656494141 268.333343505859 275.25 283.5 274.5 260.666656494141 253.5 256.5 257.916656494141 266.25 250 243.25 245.5 264.25 263.75 262.416656494141 243.08332824707 247.08332824707 255.25 252.41667175293 242.91667175293 233.08332824707 230.25 230.41667175293 227.75 216.58332824707 215.58332824707 214.83332824707 214.58332824707 218.08332824707
-9999 -9999 -9999 -9999 283 274.333343505859 270.5 263.416656494141 259.25 256.833343505859 252.5 251.5 253.58332824707 251.58332824707 269.333343505859 257.666656494141 260.75 261.166656494141 278.083343505859 290.833343505859 298.666656494141 299.666656494141 290.166656494141 281.25 268.666656494141 263.083343505859 270.333343505859 281.333343505859 290.833343505859 282.5 269.5 256.416656494141 264.416656494141 265.75 264.916656494141 262.916656494141 246.91667175293 246.25 253.58332824707 265 264.083343505859 256.583343505859 256.916656494141 255 253.66667175293 248.91667175293 241.83332824707 239.83332824707 226.16667175293 225.25 222.75 220.25 216.41667175293 212 215
-9999 -9999 -9999 -9999 -9999 276.916656494141 271.416656494141 260.25 262.416656494141 263.166656494141 254.91667175293 254.33332824707 265.916656494141 270.583343505859 278.833343505859 272.666656494141 260.75 281.083343505859 285.583343505859 297.333343505859 302.666656494141 297.5 289.083343505859 278.75 268.583343505859 264.166656494141 277.416656494141 283.166656494141 287.666656494141 289.083343505859 276.833343505859 260.416656494141 263.833343505859 274.166656494141 264.583343505859 259.333343505859 244.58332824707 254.83332824707 259.333343505859 244.66667175293 263.5 256.416656494141 247 245.41667175293 243.41667175293 247.41667175293 234.5 234 228.16667175293 220.33332824707 222.33332824707 216.66667175293 215 213.75 215.58332824707
-9999 -9999 -9999 -9999 -9999 277.5 273.083343505859 265.583343505859 261.916656494141 264.5 263 256.083343505859 258.666656494141 276.666656494141 283.083343505859 284.5 276.25 286.083343505859 296.75 299.833343505859 302 298.916656494141 289.333343505859 279.75 268.833343505859 278.5 287.166656494141 290.583343505859 290.833343505859 289 284.333343505859 271.25 261.333343505859 267.833343505859 280.25 272.083343505859 264.5 252.83332824707 263.583343505859 248 248.16667175293 251.08332824707 237.66667175293 231.41667175293 237.66667175293 235.91667175293 229.33332824707 222.5 228.75 223.83332824707 213.41667175293 214.16667175293 212.16667175293 213.83332824707 211.75
-9999 -9999 -9999 -9999 -9999 277.916656494141 266 267.416656494141 258.833343505859 261.583343505859 264.583343505859 262.416656494141 258.75 275.75 284.666656494141 288.5 283.25 292.25 298.333343505859 303.75 304.5 297.416656494141 292.083343505859 284.666656494141 285.416656494141 283 297.583343505859 -9999 294.083343505859 291.916656494141 292 279.583343505859 268.583343505859 278.25 -9999 -9999 -9999 258 264.083343505859 264.833343505859 240.91667175293 250.33332824707 251.16667175293 244.75 250 248.5 231.66667175293 223.16667175293 232.5 231.75 219 214 213.91667175293 214.16667175293 215.08332824707
-9999 -9999 -9999 -9999 -9999 282.5 267 262.25 262.25 259.5 264.916656494141 269.916656494141 273.5 266 276.833343505859 279.833343505859 288.166656494141 297.666656494141 302.75 303.583343505859 304.083343505859 297.833343505859 296.416656494141 290.75 -9999 -9999 -9999 -9999 -9999 -9999 -9999 -9999 288.333343505859 290.75 -9999 -9999 -9999 281.583343505859 262 271 245.5 255.66667175293 260.5 260.166656494141 256.416656494141 240.08332824707 237.16667175293 234.16667175293 238 231.66667175293 223 224.41667175293 217 212.16667175293 211.5
-9999 -9999 -9999 -9999 -9999 283.666656494141 272.5 265.916656494141 267 260.166656494141 267.833343505859 268.833343505859 281.25 279.25 274.75 279.333343505859 281.75 289.833343505859 300.583343505859 302.75 306.25 303.333343505859 297.583343505859 298.083343505859 -9999 -9999 -9999 -9999 -9999 -9999 -9999 -9999 -9999 -9999 -9999 -9999 -9999 -9999 281 -9999 268.666656494141 260.333343505859 263.666656494141 263.75 251.33332824707 248.66667175293 250.41667175293 234 242 237.83332824707 233.5 220.91667175293 215.41667175293 215 214.5
-9999 -9999 -9999 -9999 -9999 282.833343505859 271.75 267.166656494141 270.916656494141 271.416656494141 263.5 262.583343505859 279.583343505859 286.916656494141 287.166656494141 292.666656494141 285.916656494141 293.583343505859 299.25 304.083343505859 307.333343505859 303.833343505859 299 -9999 -9999 -9999 -9999 -9999 -9999 -9999 -9999 -9999 -9999 -9999 -9999 -9999 -9999 -9999 -9999 -9999 -9999 -9999 265.333343505859 262.333343505859 248.58332824707 255.16667175293 253.5 249.91667175293 -9999 242.33332824707 242.58332824707 220 211.5 212.5 213.08332824707
-9999 -9999 -9999 -9999 -9999 286.666656494141 273.166656494141 264 270.75 271.583343505859 271.5 269.25 275.833343505859 282.916656494141 286.416656494141 296 294.5 299.583343505859 306.583343505859 306.833343505859 308.25 303.916656494141 298.333343505859 -9999 -9999 -9999 -9999 -9999 -9999 -9999 -9999 -9999 -9999 -9999 -9999 -9999 -9999 -9999 -9999 -9999 -9999 -9999 -9999 265 -9999 -9999 -9999 -9999 -9999 -9999 -9999 231.41667175293 210.83332824707 216.33332824707 220.58332824707
-9999 -9999 -9999 -9999 -9999 288.666656494141 276.333343505859 265.5 266.416656494141 272.166656494141 271.75 267.416656494141 277.083343505859 279.916656494141 281.5 286.75 293.083343505859 300.166656494141 306.666656494141 308.083343505859 308.916656494141 304.5 300 304 -9999 -9999 -9999 -9999 -9999 -9999 -9999 -9999 -9999 -9999 -9999 -9999 -9999 -9999 -9999 -9999 -9999 -9999 -9999 -9999 -9999 -9999 -9999 -9999 -9999 -9999 -9999 -9999 227.41667175293 221.33332824707 222.16667175293
