Incidence_climate paper/tmax1.asc
NCOLS 245 
NROWS 216 
XLLCORNER 28.858344226 
YLLCORNER -2.841663685 
CELLSIZE 0.00833333376734694 
NODATA_value -9999 
[rows 72 to 95 of 216, columns 55 to 109 of 245]
260.666656494141 254.33332824707 254.91667175293 250.5 243.25 241.33332824707 232.91667175293 231.33332824707 229.58332824707 228.5 227.91667175293 227.91667175293 213.66667175293 203.66667175293 209.25 211.25 212.75 214.58332824707 220 227.5 215.25 219.75 220 227.75 234.25 230.91667175293 234.66667175293 216.91667175293 225.08332824707 223.58332824707 232.08332824707 238.25 240.83332824707 231.08332824707 231.5 248.66667175293 261.75 288.833343505859 288.833343505859 268.833343505859 268.583343505859 263.166656494141 268.833343505859 266.5 269.916656494141 261.083343505859 263.416656494141 262.416656494141 267.333343505859 264.916656494141 256.75 252.08332824707 252.08332824707 245.83332824707 262.75
267.333343505859 259.166656494141 256.083343505859 253.5 245.75 242.33332824707 232.75 227.41667175293 224.33332824707 211.83332824707 211.75 214.58332824707 219.91667175293 207.66667175293 202.91667175293 205.16667175293 206.5 213.16667175293 217.58332824707 224.25 215.75 217.25 215.5 224 229.58332824707 220.58332824707 226.83332824707 222.83332824707 227.58332824707 229.83332824707 233 237.16667175293 244 243.83332824707 240 250 267.416656494141 286.166656494141 289.333343505859 272.416656494141 267.5 259.25 265.833343505859 266.75 262.5 260.25 254.25 246.75 262.583343505859 263.25 255.41667175293 254.5 247.83332824707 260.416656494141 268
267.333343505859 261.083343505859 258.583343505859 255.5 250.25 243.5 233.5 210.33332824707 220.5 205.08332824707 199.66667175293 202.58332824707 214.25 210.5 196.83332824707 203.66667175293 207.41667175293 210.75 220.25 222.16667175293 212.83332824707 217.91667175293 217.83332824707 222.41667175293 224.83332824707 220.41667175293 229.5 235.25 226.91667175293 241.58332824707 244 242.16667175293 253 251.83332824707 254.5 247.83332824707 262.083343505859 288.75 289.5 275.333343505859 267.5 263.5 268.916656494141 263 260.083343505859 250.91667175293 253.08332824707 248.33332824707 260.5 263.416656494141 258.083343505859 248.08332824707 246.91667175293 262.25 266.416656494141
269.833343505859 262.583343505859 259.666656494141 257.666656494141 253.16667175293 249.08332824707 226.41667175293 209.83332824707 203.66667175293 203.66667175293 202.41667175293 207 208.83332824707 208.58332824707 194.75 202.83332824707 210.33332824707 215.75 218.91667175293 219.83332824707 209.75 213.33332824707 219.91667175293 218.5 226.83332824707 217.66667175293 231.91667175293 237.75 228.58332824707 239.16667175293 248.75 248.83332824707 261.583343505859 263.916656494141 258.75 259.083343505859 278.583343505859 283.583343505859 290.083343505859 279.833343505859 272 265.75 271.416656494141 266.666656494141 262.166656494141 259.166656494141 259 248.33332824707 253.16667175293 257.166656494141 252.75 249.75 248 259.5 271.5
269.333343505859 263.666656494141 260.833343505859 258.5 255.5 242.83332824707 229.41667175293 207.83332824707 196.58332824707 198.91667175293 203.83332824707 202.5 202.91667175293 203 194.66667175293 201.91667175293 206.25 211.75 216.5 210.58332824707 211.58332824707 216.41667175293 216.83332824707 223.75 234 231.33332824707 229.66667175293 240.16667175293 238.5 233.75 246.16667175293 252.58332824707 254 258.333343505859 259.5 260.75 286.75 279.75 290.916656494141 281.833343505859 276.75 267.333343505859 275.916656494141 269.833343505859 268.916656494141 269.083343505859 263.666656494141 256.416656494141 251.83332824707 246.75 242.58332824707 247.41667175293 244.16667175293 261.166656494141 266.083343505859
266.083343505859 263 259.916656494141 259.666656494141 254.75 239.16667175293 223.66667175293 220.08332824707 208.08332824707 207.16667175293 205.5 207.33332824707 206.33332824707 204.5 196.16667175293 206 210.41667175293 211.08332824707 214.58332824707 208.58332824707 209.41667175293 216.33332824707 215.25 226 232.83332824707 235.08332824707 239 240.58332824707 244.91667175293 239 255 252.58332824707 250.75 246.41667175293 244.5 255.66667175293 275.833343505859 283.833343505859 291.25 281.75 285.583343505859 277.833343505859 280.083343505859 272.166656494141 269.5 259.083343505859 255 246.33332824707 243.75 240.33332824707 252.16667175293 245.33332824707 252.16667175293 265.5 271.75
266.25 265.166656494141 260.75 260.833343505859 257.833343505859 247 235.5 233.16667175293 217.08332824707 212.75 210 206.83332824707 204.58332824707 199.25 198.58332824707 198.16667175293 205.66667175293 213.5 210.5 207.08332824707 209.16667175293 212 217.08332824707 225.83332824707 230.5 235.58332824707 233 234.08332824707 242.25 245.33332824707 251.5 240.91667175293 245.83332824707 242.25 237.41667175293 253.91667175293 273.416656494141 287.083343505859 291.75 291.166656494141 284.833343505859 276.25 271.333343505859 266.916656494141 268.75 269.916656494141 254.33332824707 242.41667175293 241.5 235.83332824707 246.08332824707 250.66667175293 245.08332824707 265.666656494141 266.333343505859
267.333343505859 265.25 263.083343505859 260.333343505859 259.833343505859 254.5 243.58332824707 240.83332824707 227.08332824707 216 210.33332824707 204.83332824707 203.83332824707 201.41667175293 197.75 197.75 205.16667175293 212 206.33332824707 204.91667175293 215 208.08332824707 218 223.5 233.66667175293 237.16667175293 236.08332824707 240.75 248.41667175293 238.16667175293 244.91667175293 246.66667175293 243.83332824707 239.83332824707 233.5 259.416656494141 278.083343505859 291.333343505859 286.833343505859 273.5 278 275 273.5 264.583343505859 257.833343505859 260.416656494141 251.16667175293 252.83332824707 240.41667175293 247.08332824707 257 249.16667175293 264.333343505859 265.166656494141 258.416656494141
260.75 259.25 260.166656494141 260.5 257.916656494141 260.083343505859 244.83332824707 248.83332824707 239.5 233.16667175293 219.41667175293 211.58332824707 204.91667175293 201.25 202.66667175293 201.58332824707 203.41667175293 203.16667175293 206.16667175293 215.41667175293 214.08332824707 209 213.16667175293 220.08332824707 226.5 232.58332824707 235.91667175293 244.41667175293 239.66667175293 228.25 239.33332824707 239.91667175293 238.16667175293 234.16667175293 250.41667175293 257 275.166656494141 284.416656494141 289.75 279.333343505859 276.583343505859 277.666656494141 278.75 270.166656494141 262.833343505859 253.91667175293 251.75 249.25 243.16667175293 254.08332824707 259.416656494141 245.75 275.166656494141 268.166656494141 274.333343505859
263.916656494141 253.25 249.5 256.083343505859 255.75 260 249.25 237.33332824707 222 221.75 215.58332824707 210.91667175293 213.83332824707 208.08332824707 210.08332824707 210.25 206.33332824707 205.83332824707 212.83332824707 216.75 218.91667175293 217.75 213.91667175293 224.58332824707 230.16667175293 232 238.33332824707 243.16667175293 237.16667175293 230.41667175293 225.41667175293 228.16667175293 234.08332824707 236.33332824707 247.25 271.083343505859 275.833343505859 281.25 292.916656494141 282.5 283.833343505859 277.75 286.583343505859 284.333343505859 270.166656494141 264.916656494141 254.41667175293 240.83332824707 260.166656494141 269.083343505859 251.16667175293 270.166656494141 277.5 276.416656494141 279.833343505859
256.166656494141 253.08332824707 250.83332824707 255.75 256.166656494141 260 252.16667175293 242 240.75 219.16667175293 220.41667175293 219.41667175293 216.5 210.25 210.16667175293 203.75 207.25 209 215.16667175293 222.41667175293 225.25 229 221.33332824707 227.25 229.33332824707 231.33332824707 240.41667175293 241.66667175293 233.75 234.66667175293 233.16667175293 229.16667175293 239.25 246.08332824707 253.58332824707 268.166656494141 279.416656494141 287.166656494141 283.916656494141 293.416656494141 293.333343505859 288.916656494141 293.5 293.75 293.5 283.833343505859 268.333343505859 259 271.25 257.916656494141 256.75 276.666656494141 280 287.083343505859 285.166656494141
262.75 254.75 248.75 252.08332824707 254.16667175293 251.33332824707 255.41667175293 253.5 247.5 240.75 222.83332824707 212.16667175293 213.83332824707 213 211.58332824707 210.75 206.16667175293 206.5 219.41667175293 222.25 218.66667175293 227.83332824707 232.41667175293 238.91667175293 231.58332824707 237.33332824707 242.41667175293 240.5 235.83332824707 229.58332824707 238.66667175293 243.16667175293 239.75 246.75 268.083343505859 277 283 278.666656494141 271.833343505859 283.083343505859 293.416656494141 293.5 283.666656494141 280.666656494141 279.833343505859 288.333343505859 293.5 267.416656494141 273.166656494141 262.833343505859 270.666656494141 282.833343505859 288.333343505859 288.666656494141 279
262.416656494141 257 250 247.16667175293 246.66667175293 250.25 254.58332824707 238.16667175293 231.75 225.08332824707 228.16667175293 219.41667175293 216.16667175293 211.16667175293 213.41667175293 208.58332824707 205.5 212.16667175293 215.33332824707 221.83332824707 215 219.16667175293 227.66667175293 234.58332824707 233.16667175293 236.83332824707 241.58332824707 243.58332824707 237 238.66667175293 245 249.08332824707 252.25 252.75 265.5 274.416656494141 279.333343505859 282.75 260.333343505859 277 281.416656494141 291.416656494141 282.583343505859 264 248.25 275.583343505859 293.75 285.666656494141 274.5 285.666656494141 288.25 290.583343505859 292.166656494141 280.916656494141 271.583343505859
262.5 250.33332824707 245.91667175293 243.16667175293 238.58332824707 251.33332824707 257.666656494141 250.41667175293 236.91667175293 231.08332824707 231.75 227.33332824707 212.33332824707 211.25 209.41667175293 213.58332824707 210.08332824707 207.66667175293 212.91667175293 210.66667175293 216.75 222.5 220.08332824707 225.66667175293 236.83332824707 240.33332824707 233.25 235.83332824707 230.16667175293 239.5 244.25 240.66667175293 235.66667175293 252.75 262.583343505859 268 273.166656494141 271.25 260.583343505859 281.083343505859 283.416656494141 291.166656494141 282.583343505859 267.833343505859 249.66667175293 265.25 285 293.916656494141 293.916656494141 272.833343505859 290.25 294.25 285.5 280.916656494141 274.583343505859
259 260.25 244 238.5 243 248.08332824707 251 243.5 229.91667175293 222.41667175293 223.91667175293 228.16667175293 221.58332824707 217.25 207.25 211.41667175293 209.66667175293 200.5 201.16667175293 215 220.66667175293 227 226.41667175293 229.91667175293 237.83332824707 236.08332824707 233.33332824707 230 237.08332824707 235.66667175293 236.91667175293 232.5 227.83332824707 244.5 260.333343505859 266.916656494141 271.75 272.25 260.25 279.333343505859 293.5 293.583343505859 286.25 270.166656494141 254.75 240.91667175293 276.833343505859 272 275.75 260.083343505859 286.75 294.583343505859 284.416656494141 281.416656494141 264.083343505859
256.916656494141 256.416656494141 245.75 235.16667175293 237.5 242 242.33332824707 237.75 226.08332824707 219.25 221 222.5 222.66667175293 221.58332824707 208.91667175293 210.33332824707 209.41667175293 201.91667175293 206 216.41667175293 226.58332824707 226.58332824707 231.08332824707 231.33332824707 228.5 234.5 226.66667175293 229.5 226.66667175293 231.41667175293 239.33332824707 236.08332824707 239.41667175293 244.41667175293 268.916656494141 264.333343505859 269.416656494141 270.166656494141 260.25 281.333343505859 293.416656494141 285.25 293.583343505859 279.833343505859 264.833343505859 241.58332824707 244.58332824707 262.666656494141 252.08332824707 262.833343505859 284.083343505859 291.25 294.666656494141 283.083343505859 280.166656494141
252.58332824707 254.41667175293 246.58332824707 240.16667175293 237.66667175293 237.41667175293 239.41667175293 242.25 222.33332824707 213.41667175293 216.08332824707 218.33332824707 221.5 212.25 210.41667175293 207.91667175293 207.66667175293 206.41667175293 214.08332824707 214.83332824707 216 222.91667175293 230 226.91667175293 220.83332824707 233.25 239.33332824707 234.5 226.83332824707 232.16667175293 237.16667175293 239.33332824707 244.25 247.83332824707 262.083343505859 261.75 265.333343505859 265.75 270.583343505859 281.166656494141 288.666656494141 282.583343505859 293.75 280.666656494141 268.666656494141 248.08332824707 241.58332824707 262.083343505859 243.5 261.416656494141 273.416656494141 284.75 294.75 292.666656494141 287.416656494141
254.25 253.75 250.33332824707 243.66667175293 245 237.5 237.41667175293 239.83332824707 221.25 218.41667175293 228.16667175293 223.66667175293 215 208 205.41667175293 205.83332824707 207.83332824707 215.16667175293 215.08332824707 221.91667175293 222.16667175293 227.33332824707 228.5 227.75 227.5 230.91667175293 247.16667175293 233.41667175293 233.58332824707 237.25 238.91667175293 236.83332824707 237.33332824707 247.58332824707 256.833343505859 267.5 271.666656494141 271 276 282.833343505859 284.75 282.416656494141 294 281.666656494141 272.083343505859 260.833343505859 242.75 258.666656494141 243.41667175293 246.75 269.833343505859 278.333343505859 284 289.833343505859 294.583343505859
258.916656494141 251.41667175293 250.91667175293 246.5 246.25 238.75 234.58332824707 235.25 234.41667175293 234.66667175293 229.41667175293 220.58332824707 221.25 211.25 202.41667175293 204.75 205.83332824707 212.66667175293 218.58332824707 221.16667175293 226.75 226 228.5 233 234.25 235.41667175293 245.83332824707 245.41667175293 239.08332824707 244.33332824707 227.75 241 239.83332824707 252.5 261.416656494141 268.416656494141 274.75 276 277.083343505859 285.833343505859 276.333343505859 282.75 293.916656494141 284.416656494141 277.5 268.833343505859 245.25 255.08332824707 249.58332824707 242.75 273.166656494141 282.666656494141 284.583343505859 290.5 294.916656494141
258.083343505859 250.41667175293 247.58332824707 251.08332824707 247.25 243.91667175293 236.16667175293 229.91667175293 228.83332824707 227.5 229.5 231.75 229.33332824707 215.25 210.41667175293 211 207.5 209.83332824707 217.25 217.25 228.16667175293 232.91667175293 233.16667175293 237.75 235.33332824707 239.16667175293 244.5 244.83332824707 239.91667175293 243.83332824707 237.25 242.33332824707 250.66667175293 254.83332824707 264.5 273.666656494141 274.666656494141 278.25 282.75 282.416656494141 277.25 284.833343505859 294.083343505859 281.166656494141 273.5 263.583343505859 246.33332824707 252.66667175293 240 242.66667175293 261.416656494141 268.333343505859 282.666656494141 288.166656494141 294.416656494141
257.916656494141 245.33332824707 243.08332824707 245.75 246.08332824707 246.58332824707 245 226.33332824707 223.08332824707 221.33332824707 223.33332824707 226.58332824707 226.66667175293 222.08332824707 222.41667175293 213.41667175293 211.16667175293 203.75 209.25 214.66667175293 224.91667175293 237.41667175293 244.08332824707 244.58332824707 240.83332824707 244.16667175293 253.66667175293 253.5 247.83332824707 251.33332824707 256.666656494141 246.66667175293 252.08332824707 262.083343505859 267 268.916656494141 274.666656494141 275.833343505859 280.166656494141 280.333343505859 278.416656494141 285.333343505859 291.166656494141 282.75 274.916656494141 263.666656494141 249.75 247.33332824707 243.83332824707 239.66667175293 267.333343505859 276.666656494141 282.666656494141 287.5 291
260.75 255.08332824707 247.16667175293 247.41667175293 242.08332824707 245.16667175293 237.25 229.75 221 214.16667175293 220.25 227 218.75 225.58332824707 221.33332824707 215.16667175293 205.33332824707 202.41667175293 209.16667175293 216.58332824707 228.08332824707 239.5 247.83332824707 248.83332824707 251.83332824707 256.166656494141 256.666656494141 261.083343505859 262.5 263.916656494141 265.833343505859 266.166656494141 264.833343505859 271.083343505859 275.916656494141 278 281.416656494141 283.583343505859 281.166656494141 276.083343505859 279.416656494141 285.833343505859 294.083343505859 281.5 276.666656494141 268.833343505859 253.41667175293 251.58332824707 248.33332824707 233.66667175293 262.833343505859 273.166656494141 281.833343505859 286 288.666656494141
261.666656494141 254.33332824707 246.66667175293 242.91667175293 238.08332824707 240.33332824707 234.41667175293 232.16667175293 221.66667175293 222.41667175293 226.41667175293 222.41667175293 215 229.08332824707 224.75 212.41667175293 208.83332824707 203.66667175293 210.83332824707 218.75 226.91667175293 240.33332824707 239.5 234.75 243 247.91667175293 254.58332824707 248.83332824707 260.083343505859 255.75 254.75 258.25 255.91667175293 271.166656494141 271.083343505859 274.416656494141 278.25 276.916656494141 274.75 281.5 285.916656494141 285.75 292.916656494141 287.416656494141 278.166656494141 267.666656494141 253.58332824707 258.083343505859 247.58332824707 237.08332824707 259.833343505859 270.583343505859 282.416656494141 285.333343505859 286.166656494141
267.916656494141 262.166656494141 245.25 242.91667175293 238.08332824707 239 235.08332824707 232 229.58332824707 232.16667175293 226.16667175293 223.83332824707 215.33332824707 220.5 222.16667175293 217 212.25 206.75 212.5 222.66667175293 222.08332824707 236.41667175293 228.75 234.75 242.58332824707 252.5 252.08332824707 246.58332824707 255.83332824707 248.83332824707 250.16667175293 247.41667175293 245.83332824707 260.083343505859 266.333343505859 273.75 280.25 273.583343505859 273.75 282.416656494141 284.5 290.583343505859 286.75 284.416656494141 288.75 275.25 270.25 262.583343505859 253.75 247.58332824707 264.333343505859 273.5 280.416656494141 280.25 283.166656494141
